Motif	RNCMPT00001
#	NUAAUUNN 10 125.79313018709999
Pos	A	C	G	U
1	0.39811	0.102749	0.102749	0.396392	
2	0.007764	0.007764	0.007764	0.976707	
3	0.976707	0.007764	0.007764	0.007764	
4	0.976707	0.007764	0.007764	0.007764	
5	0.007764	0.007764	0.007764	0.976707	
6	0.007764	0.007764	0.007764	0.976707	
7	0.322706	0.141452	0.483428	0.052414	
8	0.239359	0.259953	0.352866	0.147821	


Motif	RNCMPT00002
#	AGACGUN 10 228.308962534
Pos	A	C	G	U
1	0.79937	0.066877	0.066877	0.066877	
2	0.004323	0.004323	0.98703	0.004323	
3	0.98703	0.004323	0.004323	0.004323	
4	0.004323	0.98703	0.004323	0.004323	
5	0.004323	0.004323	0.98703	0.004323	
6	0.227442	0.099063	0.004361	0.669133	
7	0.430868	0.076319	0.097097	0.395715	


Motif	RNCMPT00003
#	NUGUGUGU 10 214.38951778839998
Pos	A	C	G	U
1	0.144156	0.144156	0.403883	0.307805	
2	0.020695	0.020695	0.020695	0.937915	
3	0.004621	0.004621	0.89699	0.093768	
4	0.0046	0.0046	0.0046	0.9862	
5	0.045147	0.045147	0.513022	0.396683	
6	0.06895	0.06895	0.06895	0.793151	
7	0.06895	0.06895	0.717553	0.144548	
8	0.110156	0.110156	0.110156	0.669533	


Motif	RNCMPT00004
#	UGUUUGUG 10 72.64891924607001
Pos	A	C	G	U
1	0.121111	0.121111	0.215338	0.542441	
2	0.072911	0.072911	0.592196	0.261981	
3	0.048015	0.048015	0.237084	0.666886	
4	0.013396	0.013396	0.093591	0.879617	
5	0.013219	0.013219	0.013219	0.960343	
6	0.024165	0.024165	0.927505	0.024165	
7	0.054006	0.054006	0.054006	0.837981	
8	0.130115	0.130115	0.609654	0.130115	


Motif	RNCMPT00005
#	NUUUUUUN 10 110.17443415267
Pos	A	C	G	U
1	0.185949	0.49625	0.093943	0.223857	
2	0.142336	0.04397	0.04397	0.769723	
3	0.008836	0.008836	0.008836	0.973492	
4	0.008836	0.008836	0.008836	0.973492	
5	0.008836	0.008836	0.008836	0.973492	
6	0.008836	0.008836	0.008836	0.973492	
7	0.044228	0.044228	0.044228	0.867316	
8	0.156327	0.341769	0.345576	0.156327	


Motif	RNCMPT00006
#	NCAGAUGN 10 119.3555456597
Pos	A	C	G	U
1	0.33589	0.409712	0.127199	0.127199	
2	0.008173	0.975481	0.008173	0.008173	
3	0.975481	0.008173	0.008173	0.008173	
4	0.008173	0.008173	0.975481	0.008173	
5	0.975481	0.008173	0.008173	0.008173	
6	0.046422	0.046422	0.23808	0.669075	
7	0.069959	0.173746	0.598464	0.15783	
8	0.223599	0.339174	0.312796	0.124431	


Motif	RNCMPT00007
#	NCAACGAN 10 139.3874788048
Pos	A	C	G	U
1	0.241612	0.351816	0.144931	0.261641	
2	0.021422	0.935734	0.021422	0.021422	
3	0.617175	0.007073	0.368679	0.007073	
4	0.978931	0.007023	0.007023	0.007023	
5	0.007023	0.978931	0.007023	0.007023	
6	0.007023	0.007023	0.978931	0.007023	
7	0.978931	0.007023	0.007023	0.007023	
8	0.393704	0.310873	0.189862	0.10556	


Motif	RNCMPT00008
#	NACACANN 10 124.4532865164
Pos	A	C	G	U
1	0.487262	0.101815	0.309108	0.101815	
2	0.976462	0.007846	0.007846	0.007846	
3	0.007846	0.976462	0.007846	0.007846	
4	0.976462	0.007846	0.007846	0.007846	
5	0.195245	0.788939	0.007908	0.007908	
6	0.976462	0.007846	0.007846	0.007846	
7	0.26842	0.075095	0.172824	0.483661	
8	0.457335	0.149057	0.149057	0.244551	


Motif	RNCMPT00009
#	NNGCGUGG 10 57.35352988567
Pos	A	C	G	U
1	0.104042	0.305195	0.486722	0.104042	
2	0.07804	0.276036	0.475405	0.170519	
3	0.054268	0.054268	0.837196	0.054268	
4	0.027134	0.918598	0.027134	0.027134	
5	0.016569	0.016569	0.950293	0.016569	
6	0.016848	0.089658	0.016848	0.876645	
7	0.069898	0.069898	0.790305	0.069898	
8	0.146441	0.146441	0.560678	0.146441	


Motif	RNCMPT00010
#	NUACUUUN 10 117.53359932582
Pos	A	C	G	U
1	0.433466	0.129545	0.216902	0.220087	
2	0.008296	0.008296	0.008296	0.975111	
3	0.731519	0.008366	0.251749	0.008366	
4	0.082265	0.818365	0.008436	0.090933	
5	0.008296	0.008296	0.008296	0.975111	
6	0.008296	0.008296	0.008296	0.975111	
7	0.008296	0.008296	0.008296	0.975111	
8	0.247793	0.121342	0.421414	0.209452	


Motif	RNCMPT00011
#	NUGUGUGU 10 176.623069641
Pos	A	C	G	U
1	0.173147	0.173147	0.320904	0.332802	
2	0.040822	0.040822	0.040822	0.877533	
3	0.022356	0.022356	0.75096	0.204328	
4	0.022356	0.022356	0.022356	0.932933	
5	0.005598	0.005598	0.812121	0.176682	
6	0.005567	0.005567	0.005567	0.983298	
7	0.017771	0.017771	0.862107	0.102351	
8	0.0793	0.0793	0.0793	0.7621	


Motif	RNCMPT00012
#	CNUUUUU 10 107.78821705457001
Pos	A	C	G	U
1	0.051081	0.846756	0.051081	0.051081	
2	0.400886	0.141732	0.023644	0.433738	
3	0.009108	0.088813	0.009108	0.89297	
4	0.009026	0.009026	0.009026	0.972921	
5	0.009026	0.009026	0.009026	0.972921	
6	0.009026	0.009026	0.009026	0.972921	
7	0.047009	0.047009	0.237382	0.668599	


Motif	RNCMPT00013
#	UAGGUAG 10 79.18442561331001
Pos	A	C	G	U
1	0.072785	0.072785	0.072785	0.781645	
2	0.759088	0.050228	0.050228	0.140456	
3	0.234605	0.050228	0.664939	0.050228	
4	0.16107	0.050228	0.631288	0.157414	
5	0.012168	0.012168	0.012168	0.963497	
6	0.963497	0.012168	0.012168	0.012168	
7	0.141476	0.047962	0.762599	0.047962	


Motif	RNCMPT00014
#	UUAAGUUN 10 136.508035402
Pos	A	C	G	U
1	0.099718	0.204917	0.099718	0.595647	
2	0.007168	0.007168	0.007168	0.978496	
3	0.520061	0.007272	0.186389	0.286277	
4	0.797947	0.007272	0.090414	0.104367	
5	0.007168	0.007168	0.978496	0.007168	
6	0.007168	0.007168	0.007168	0.978496	
7	0.007168	0.007168	0.007168	0.978496	
8	0.151444	0.151444	0.245719	0.451393	


Motif	RNCMPT00015
#	ANGGACANA 10 57.63797659191
Pos	A	C	G	U
1	0.527404	0.12415	0.12415	0.224296	
2	0.323409	0.225674	0.12415	0.326767	
3	0.073065	0.073065	0.68832	0.165549	
4	0.016491	0.016491	0.950526	0.016491	
5	0.950526	0.016491	0.016491	0.016491	
6	0.025037	0.92489	0.025037	0.025037	
7	0.530676	0.025037	0.419251	0.025037	
8	0.127203	0.127203	0.31833	0.427263	
9	0.519165	0.127203	0.226428	0.127203	


Motif	RNCMPT00016
#	GGACAAGN 10 50.54604906466
Pos	A	C	G	U
1	0.099687	0.099687	0.602455	0.19817	
2	0.018676	0.018676	0.943973	0.018676	
3	0.943973	0.018676	0.018676	0.018676	
4	0.018676	0.943973	0.018676	0.018676	
5	0.776342	0.019031	0.185596	0.019031	
6	0.519768	0.024693	0.430847	0.024693	
7	0.124398	0.024693	0.826217	0.024693	
8	0.456797	0.150434	0.242334	0.150434	


Motif	RNCMPT00017
#	NUGCAUGN 10 248.0356302589
Pos	A	C	G	U
1	0.348432	0.234812	0.149922	0.266833	
2	0.301415	0.040338	0.040338	0.617909	
3	0.003983	0.003983	0.98805	0.003983	
4	0.003983	0.98805	0.003983	0.003983	
5	0.98805	0.003983	0.003983	0.003983	
6	0.003983	0.003983	0.003983	0.98805	
7	0.003983	0.003983	0.98805	0.003983	
8	0.406979	0.390706	0.101158	0.101158	


Motif	RNCMPT00018
#	UNCGCGCN 10 55.165706300080004
Pos	A	C	G	U
1	0.203128	0.09537	0.19043	0.511072	
2	0.172395	0.165581	0.491178	0.170846	
3	0.017192	0.948423	0.017192	0.017192	
4	0.017192	0.017192	0.948423	0.017192	
5	0.017192	0.948423	0.017192	0.017192	
6	0.017192	0.017192	0.948423	0.017192	
7	0.023301	0.930098	0.023301	0.023301	
8	0.155811	0.246635	0.348471	0.249082	


Motif	RNCMPT00019
#	AGAGAAA 10 106.15627885683999
Pos	A	C	G	U
1	0.793468	0.068844	0.068844	0.068844	
2	0.116472	0.025629	0.83227	0.025629	
3	0.972516	0.009161	0.009161	0.009161	
4	0.009161	0.009161	0.972516	0.009161	
5	0.887374	0.094134	0.009246	0.009246	
6	0.688405	0.204885	0.097378	0.009332	
7	0.550582	0.262426	0.140304	0.046688	


Motif	RNCMPT00020
#	GGACGNG 10 49.44966706815
Pos	A	C	G	U
1	0.171654	0.072456	0.588182	0.167707	
2	0.019066	0.019066	0.942802	0.019066	
3	0.942802	0.019066	0.019066	0.019066	
4	0.019066	0.942802	0.019066	0.019066	
5	0.385755	0.019436	0.575372	0.019436	
6	0.466397	0.019436	0.49473	0.019436	
7	0.235037	0.0248	0.715364	0.0248	


Motif	RNCMPT00021
#	AGGAUNA 10 87.4841649482
Pos	A	C	G	U
1	0.769896	0.047452	0.047452	0.135199	
2	0.022504	0.022504	0.932489	0.022504	
3	0.011052	0.011052	0.966845	0.011052	
4	0.966845	0.011052	0.011052	0.011052	
5	0.011052	0.011052	0.011052	0.966845	
6	0.310153	0.011301	0.485626	0.192919	
7	0.617504	0.011301	0.279324	0.09187	


Motif	RNCMPT00022
#	NNUAGGGA 10 100.07734343322002
Pos	A	C	G	U
1	0.341363	0.1549	0.348837	0.1549	
2	0.268674	0.07878	0.272689	0.379858	
3	0.009701	0.009701	0.009701	0.970896	
4	0.970896	0.009701	0.009701	0.009701	
5	0.009701	0.009701	0.970896	0.009701	
6	0.009701	0.009701	0.970896	0.009701	
7	0.009796	0.009796	0.885084	0.095323	
8	0.610895	0.095478	0.095478	0.198149	


Motif	RNCMPT00023
#	NUAGGGN 10 72.33812158139
Pos	A	C	G	U
1	0.176379	0.082511	0.267643	0.473467	
2	0.013273	0.013273	0.013273	0.96018	
3	0.96018	0.013273	0.013273	0.013273	
4	0.013273	0.013273	0.96018	0.013273	
5	0.013273	0.013273	0.96018	0.013273	
6	0.022698	0.022698	0.83447	0.120133	
7	0.467806	0.070568	0.070568	0.391058	


Motif	RNCMPT00024
#	NUAGGGAN 10 88.62315229334999
Pos	A	C	G	U
1	0.295672	0.100523	0.296788	0.307018	
2	0.048211	0.048211	0.048211	0.855368	
3	0.967257	0.010914	0.010914	0.010914	
4	0.010914	0.010914	0.967257	0.010914	
5	0.010914	0.010914	0.967257	0.010914	
6	0.010914	0.010914	0.967257	0.010914	
7	0.678688	0.074455	0.074455	0.172402	
8	0.454293	0.14995	0.14995	0.245807	


Motif	RNCMPT00025
#	AUUUUUN 10 158.5190100894
Pos	A	C	G	U
1	0.519657	0.028363	0.028363	0.423616	
2	0.006191	0.006191	0.006191	0.981426	
3	0.006191	0.006191	0.006191	0.981426	
4	0.006191	0.006191	0.006191	0.981426	
5	0.006191	0.006191	0.006191	0.981426	
6	0.006191	0.006191	0.006191	0.981426	
7	0.074707	0.266618	0.403083	0.255591	


Motif	RNCMPT00026
#	NCCAANCC 10 54.54148178356
Pos	A	C	G	U
1	0.45899	0.246332	0.147339	0.147339	
2	0.024465	0.926605	0.024465	0.024465	
3	0.017379	0.947864	0.017379	0.017379	
4	0.925358	0.024881	0.024881	0.024881	
5	0.741424	0.024881	0.117246	0.11645	
6	0.341226	0.344335	0.053937	0.260502	
7	0.077426	0.767723	0.077426	0.077426	
8	0.10321	0.690369	0.10321	0.10321	


Motif	RNCMPT00027
#	ACACACAAN 10 85.97845975954
Pos	A	C	G	U
1	0.652109	0.115964	0.115964	0.115964	
2	0.186385	0.523705	0.09249	0.19742	
3	0.863769	0.04541	0.04541	0.04541	
4	0.127486	0.619973	0.023703	0.228838	
5	0.892861	0.011366	0.011366	0.084407	
6	0.011239	0.966284	0.011239	0.011239	
7	0.966284	0.011239	0.011239	0.011239	
8	0.596666	0.134445	0.134445	0.134445	
9	0.244267	0.440061	0.157836	0.157836	


Motif	RNCMPT00028
#	GNUAGGNUN 10 106.64663663088
Pos	A	C	G	U
1	0.156085	0.156085	0.531744	0.156085	
2	0.114226	0.114226	0.281663	0.489885	
3	0.087855	0.009204	0.009204	0.893737	
4	0.972639	0.00912	0.00912	0.00912	
5	0.081591	0.009204	0.900001	0.009204	
6	0.00912	0.00912	0.972639	0.00912	
7	0.285196	0.050742	0.356362	0.3077	
8	0.273569	0.095411	0.095411	0.53561	
9	0.486555	0.137936	0.237572	0.137936	


Motif	RNCMPT00029
#	NGGUAGGG 10 133.9082399235
Pos	A	C	G	U
1	0.348329	0.153527	0.344617	0.153527	
2	0.160494	0.069214	0.701078	0.069214	
3	0.007358	0.007358	0.776557	0.208727	
4	0.007304	0.007304	0.007304	0.978088	
5	0.978088	0.007304	0.007304	0.007304	
6	0.007304	0.007304	0.978088	0.007304	
7	0.025495	0.025495	0.923514	0.025495	
8	0.098083	0.098083	0.705751	0.098083	


Motif	RNCMPT00031
#	NUAUGUAN 10 233.75401892719998
Pos	A	C	G	U
1	0.354419	0.161135	0.241605	0.242842	
2	0.004224	0.004224	0.004224	0.987329	
3	0.987329	0.004224	0.004224	0.004224	
4	0.004242	0.271394	0.004242	0.720123	
5	0.483937	0.004242	0.50758	0.004242	
6	0.004224	0.004224	0.004224	0.987329	
7	0.987329	0.004224	0.004224	0.004224	
8	0.294771	0.1687	0.446831	0.089698	


Motif	RNCMPT00032
#	NUUAUUUU 10 150.33233633520004
Pos	A	C	G	U
1	0.249295	0.148532	0.148532	0.453641	
2	0.006522	0.006522	0.006522	0.980435	
3	0.006565	0.006565	0.082508	0.904363	
4	0.623516	0.006608	0.180949	0.188926	
5	0.006565	0.006565	0.092291	0.89458	
6	0.006522	0.006522	0.006522	0.980435	
7	0.006522	0.006522	0.006522	0.980435	
8	0.101659	0.187873	0.187794	0.522673	


Motif	RNCMPT00033
#	NCAAACANN 10 57.26523455771999
Pos	A	C	G	U
1	0.458511	0.151329	0.23883	0.151329	
2	0.291048	0.512428	0.098262	0.098262	
3	0.750329	0.14954	0.050066	0.050066	
4	0.744524	0.023882	0.023882	0.207712	
5	0.744524	0.023882	0.023882	0.207712	
6	0.016593	0.95022	0.016593	0.016593	
7	0.95022	0.016593	0.016593	0.016593	
8	0.395986	0.297827	0.102165	0.204022	
9	0.344068	0.155099	0.155099	0.345734	


Motif	RNCMPT00034
#	GAUAAACN 10 95.22509909121997
Pos	A	C	G	U
1	0.210385	0.123476	0.542663	0.123476	
2	0.969458	0.010181	0.010181	0.010181	
3	0.010181	0.010181	0.010181	0.969458	
4	0.969458	0.010181	0.010181	0.010181	
5	0.969458	0.010181	0.010181	0.010181	
6	0.969458	0.010181	0.010181	0.010181	
7	0.210284	0.536872	0.223375	0.02947	
8	0.233311	0.316301	0.322622	0.127766	


Motif	RNCMPT00035
#	NNCGCGCG 10 126.35751192267999
Pos	A	C	G	U
1	0.145206	0.145206	0.328135	0.381452	
2	0.306907	0.063562	0.136463	0.493068	
3	0.007731	0.976808	0.007731	0.007731	
4	0.007731	0.007731	0.976808	0.007731	
5	0.007731	0.976808	0.007731	0.007731	
6	0.007731	0.007731	0.976808	0.007731	
7	0.028386	0.842082	0.028386	0.101147	
8	0.109112	0.109112	0.672664	0.109112	


Motif	RNCMPT00036
#	NGGAGAA 10 60.44936435064
Pos	A	C	G	U
1	0.388699	0.369376	0.073071	0.168855	
2	0.015761	0.015761	0.952718	0.015761	
3	0.015761	0.015761	0.952718	0.015761	
4	0.863245	0.016013	0.016013	0.104729	
5	0.027048	0.027048	0.918855	0.027048	
6	0.640134	0.054097	0.054097	0.251672	
7	0.668727	0.077646	0.17598	0.077646	


Motif	RNCMPT00037
#	NAUCUUG 10 54.16554388177
Pos	A	C	G	U
1	0.473317	0.375598	0.075543	0.075543	
2	0.878135	0.017805	0.017805	0.086256	
3	0.086433	0.017805	0.017805	0.877958	
4	0.017493	0.947521	0.017493	0.017493	
5	0.017493	0.017493	0.017493	0.947521	
6	0.017493	0.017493	0.017493	0.947521	
7	0.172549	0.077589	0.672273	0.077589	


Motif	RNCMPT00038
#	NGCUUGCN 10 111.98352370343001
Pos	A	C	G	U
1	0.318167	0.187854	0.210489	0.28349	
2	0.008773	0.111705	0.870749	0.008773	
3	0.008773	0.870749	0.008773	0.111705	
4	0.008697	0.008697	0.008697	0.973909	
5	0.008697	0.008697	0.008697	0.973909	
6	0.11157	0.026494	0.835441	0.026494	
7	0.047652	0.771968	0.132728	0.047652	
8	0.256024	0.238672	0.245018	0.260285	


Motif	RNCMPT00039
#	NUAAUANN 10 180.1971103888
Pos	A	C	G	U
1	0.425447	0.134932	0.134932	0.304688	
2	0.005459	0.005459	0.005459	0.983624	
3	0.983624	0.005459	0.005459	0.005459	
4	0.983624	0.005459	0.005459	0.005459	
5	0.005459	0.005459	0.005459	0.983624	
6	0.983624	0.005459	0.005459	0.005459	
7	0.499935	0.038534	0.038534	0.422996	
8	0.240784	0.188639	0.221901	0.348676	


Motif	RNCMPT00040
#	NAGUAGNU 10 125.06874029150002
Pos	A	C	G	U
1	0.343828	0.153277	0.153277	0.349618	
2	0.740783	0.055004	0.055004	0.149208	
3	0.027502	0.027502	0.917494	0.027502	
4	0.007808	0.007808	0.007808	0.976575	
5	0.976575	0.007808	0.007808	0.007808	
6	0.007808	0.007808	0.976575	0.007808	
7	0.115939	0.025265	0.430736	0.42806	
8	0.18732	0.096783	0.202542	0.513355	


Motif	RNCMPT00041
#	UAGUUAG 10 90.54008421994001
Pos	A	C	G	U
1	0.045128	0.045128	0.045128	0.864617	
2	0.967928	0.010691	0.010691	0.010691	
3	0.010691	0.010691	0.967928	0.010691	
4	0.118526	0.097344	0.110061	0.674069	
5	0.435262	0.010806	0.010806	0.543126	
6	0.57689	0.021766	0.379577	0.021766	
7	0.130098	0.043032	0.783837	0.043032	


Motif	RNCMPT00042
#	NAAAAAAN 10 60.96929110833001
Pos	A	C	G	U
1	0.252516	0.136982	0.47352	0.136982	
2	0.953102	0.015633	0.015633	0.015633	
3	0.953102	0.015633	0.015633	0.015633	
4	0.953102	0.015633	0.015633	0.015633	
5	0.884312	0.015881	0.083927	0.015881	
6	0.953102	0.015633	0.015633	0.015633	
7	0.558662	0.025612	0.302763	0.112963	
8	0.204845	0.211393	0.467424	0.116337	


Motif	RNCMPT00043
#	NAAAAAAN 10 121.6669695661
Pos	A	C	G	U
1	0.414467	0.225364	0.233055	0.127115	
2	0.58302	0.17432	0.167417	0.075243	
3	0.975936	0.008021	0.008021	0.008021	
4	0.975936	0.008021	0.008021	0.008021	
5	0.975936	0.008021	0.008021	0.008021	
6	0.975936	0.008021	0.008021	0.008021	
7	0.975936	0.008021	0.008021	0.008021	
8	0.123079	0.329238	0.329171	0.218513	


Motif	RNCMPT00044
#	CCUUCCC 10 37.417351528590004
Pos	A	C	G	U
1	0.070551	0.697057	0.070551	0.161841	
2	0.022548	0.841067	0.022548	0.113838	
3	0.02537	0.388867	0.02537	0.560394	
4	0.02537	0.301761	0.02537	0.6475	
5	0.178288	0.589067	0.02603	0.206615	
6	0.024742	0.925774	0.024742	0.024742	
7	0.021958	0.934126	0.021958	0.021958	


Motif	RNCMPT00045
#	GCGCGCNG 10 50.036629712999996
Pos	A	C	G	U
1	0.098734	0.19549	0.607042	0.098734	
2	0.074268	0.577987	0.172765	0.17498	
3	0.074268	0.074268	0.777196	0.074268	
4	0.018855	0.943435	0.018855	0.018855	
5	0.019217	0.094711	0.866855	0.019217	
6	0.018855	0.943435	0.018855	0.018855	
7	0.075448	0.372837	0.476267	0.075448	
8	0.151841	0.151841	0.544477	0.151841	


Motif	RNCMPT00046
#	NUGUACAN 10 284.6879842843
Pos	A	C	G	U
1	0.294274	0.184482	0.28777	0.233474	
2	0.003476	0.003476	0.003476	0.989572	
3	0.003476	0.003476	0.989572	0.003476	
4	0.003476	0.003476	0.003476	0.989572	
5	0.989572	0.003476	0.003476	0.003476	
6	0.182409	0.569619	0.06294	0.185032	
7	0.989572	0.003476	0.003476	0.003476	
8	0.071614	0.071614	0.430579	0.426194	


Motif	RNCMPT00047
#	NACUAACN 10 64.09303284877001
Pos	A	C	G	U
1	0.243187	0.145152	0.254717	0.356944	
2	0.89353	0.03549	0.03549	0.03549	
3	0.014905	0.955286	0.014905	0.014905	
4	0.014905	0.014905	0.014905	0.955286	
5	0.955286	0.014905	0.014905	0.014905	
6	0.955286	0.014905	0.014905	0.014905	
7	0.01513	0.830551	0.01513	0.139189	
8	0.413621	0.305816	0.171865	0.108698	


Motif	RNCMPT00049
#	GAGUAGN 10 77.96444608884
Pos	A	C	G	U
1	0.064095	0.064095	0.807714	0.064095	
2	0.529648	0.021928	0.021928	0.426496	
3	0.012351	0.012351	0.962947	0.012351	
4	0.012351	0.012351	0.012351	0.962947	
5	0.962947	0.012351	0.012351	0.012351	
6	0.012351	0.012351	0.962947	0.012351	
7	0.408836	0.07847	0.16007	0.352624	


Motif	RNCMPT00050
#	ANGAUACN 10 71.00924377424
Pos	A	C	G	U
1	0.511625	0.162792	0.162792	0.162792	
2	0.463283	0.267335	0.176684	0.092699	
3	0.023758	0.023758	0.928725	0.023758	
4	0.959465	0.013512	0.013512	0.013512	
5	0.203746	0.023486	0.118519	0.65425	
6	0.770998	0.045201	0.1386	0.045201	
7	0.163584	0.699314	0.068551	0.068551	
8	0.184959	0.090289	0.415432	0.309321	


Motif	RNCMPT00051
#	NGUGUGN 10 170.445959497
Pos	A	C	G	U
1	0.086311	0.086311	0.450494	0.376885	
2	0.005765	0.005765	0.982704	0.005765	
3	0.005799	0.005799	0.084924	0.903478	
4	0.005765	0.005765	0.982704	0.005765	
5	0.005799	0.005799	0.084924	0.903478	
6	0.019198	0.019198	0.942407	0.019198	
7	0.070492	0.273788	0.237794	0.417926	


Motif	RNCMPT00052
#	NGCGCGGN 10 151.4931641895
Pos	A	C	G	U
1	0.138738	0.480319	0.138738	0.242205	
2	0.045879	0.045879	0.862364	0.045879	
3	0.022493	0.93252	0.022493	0.022493	
4	0.006473	0.006473	0.980582	0.006473	
5	0.006473	0.980582	0.006473	0.006473	
6	0.006473	0.006473	0.980582	0.006473	
7	0.030375	0.030375	0.720194	0.219057	
8	0.111385	0.379726	0.315639	0.193251	


Motif	RNCMPT00053
#	NNUACAUU 10 106.90127450904
Pos	A	C	G	U
1	0.444536	0.248346	0.153559	0.153559	
2	0.455279	0.047524	0.047524	0.449674	
3	0.009099	0.009099	0.009099	0.972703	
4	0.972703	0.009099	0.009099	0.009099	
5	0.009099	0.972703	0.009099	0.009099	
6	0.584387	0.009183	0.009183	0.397247	
7	0.009099	0.009099	0.009099	0.972703	
8	0.097642	0.097642	0.192143	0.612574	


Motif	RNCMPT00054
#	NAAUCAAN 10 83.9657525475
Pos	A	C	G	U
1	0.303322	0.116847	0.35343	0.226402	
2	0.687592	0.011633	0.289143	0.011633	
3	0.965504	0.011499	0.011499	0.011499	
4	0.011499	0.011499	0.011499	0.965504	
5	0.011769	0.607235	0.27273	0.108266	
6	0.965504	0.011499	0.011499	0.011499	
7	0.640354	0.057301	0.155269	0.147076	
8	0.330003	0.13347	0.223182	0.313345	


Motif	RNCMPT00055
#	NGAAGGNA 10 60.36640541722
Pos	A	C	G	U
1	0.124171	0.331208	0.42045	0.124171	
2	0.118082	0.024555	0.832809	0.024555	
3	0.952656	0.015781	0.015781	0.015781	
4	0.873692	0.016034	0.094239	0.016034	
5	0.015781	0.015781	0.952656	0.015781	
6	0.015781	0.015781	0.952656	0.015781	
7	0.477554	0.076968	0.175186	0.270292	
8	0.523342	0.127109	0.22244	0.127109	


Motif	RNCMPT00056
#	NGCGCGCN 10 43.68466130913
Pos	A	C	G	U
1	0.146628	0.24438	0.146628	0.462364	
2	0.165558	0.076263	0.681916	0.076263	
3	0.02142	0.935739	0.02142	0.02142	
4	0.02142	0.02142	0.935739	0.02142	
5	0.02142	0.935739	0.02142	0.02142	
6	0.022212	0.022212	0.933363	0.022212	
7	0.051714	0.660705	0.235867	0.051714	
8	0.104698	0.287186	0.400375	0.207741	


Motif	RNCMPT00057
#	NAUAUANN 10 81.37208000497002
Pos	A	C	G	U
1	0.203301	0.300031	0.104762	0.391906	
2	0.741634	0.152625	0.052871	0.052871	
3	0.011852	0.011852	0.011852	0.964443	
4	0.964443	0.011852	0.011852	0.011852	
5	0.011852	0.011852	0.011852	0.964443	
6	0.964443	0.011852	0.011852	0.011852	
7	0.147278	0.245359	0.360905	0.246457	
8	0.245477	0.460463	0.14703	0.14703	


Motif	RNCMPT00058
#	AACAACGN 10 90.29084624741999
Pos	A	C	G	U
1	0.55642	0.14786	0.14786	0.14786	
2	0.71473	0.023742	0.023742	0.237787	
3	0.010719	0.967843	0.010719	0.010719	
4	0.967843	0.010719	0.010719	0.010719	
5	0.967843	0.010719	0.010719	0.010719	
6	0.010719	0.967843	0.010719	0.010719	
7	0.330734	0.022928	0.62341	0.022928	
8	0.490388	0.102876	0.30386	0.102876	


Motif	RNCMPT00059
#	AGAAGGCC 10 57.50683272108001
Pos	A	C	G	U
1	0.678864	0.107045	0.107045	0.107045	
2	0.016527	0.016527	0.950419	0.016527	
3	0.950419	0.016527	0.016527	0.016527	
4	0.950419	0.016527	0.016527	0.016527	
5	0.094174	0.016805	0.872217	0.016805	
6	0.223512	0.121001	0.631935	0.023552	
7	0.276151	0.578486	0.072682	0.072682	
8	0.143997	0.56801	0.143997	0.143997	


Motif	RNCMPT00060
#	AGAGAAN 10 52.036353680939996
Pos	A	C	G	U
1	0.93052	0.02316	0.02316	0.02316	
2	0.01817	0.01817	0.945491	0.01817	
3	0.945491	0.01817	0.01817	0.01817	
4	0.095001	0.099528	0.598347	0.207124	
5	0.773953	0.018506	0.189035	0.018506	
6	0.680194	0.018506	0.282794	0.018506	
7	0.436572	0.023898	0.42378	0.11575	


Motif	RNCMPT00061
#	NACGACGA 10 105.65526977396999
Pos	A	C	G	U
1	0.254021	0.237695	0.268118	0.240166	
2	0.780803	0.073066	0.073066	0.073066	
3	0.009203	0.97239	0.009203	0.009203	
4	0.009203	0.009203	0.97239	0.009203	
5	0.97239	0.009203	0.009203	0.009203	
6	0.009203	0.97239	0.009203	0.009203	
7	0.009203	0.009203	0.97239	0.009203	
8	0.521442	0.187814	0.191938	0.098806	


Motif	RNCMPT00062
#	NUAAAAGN 10 73.93632174982
Pos	A	C	G	U
1	0.454897	0.146224	0.146224	0.252654	
2	0.012998	0.012998	0.012998	0.961007	
3	0.961007	0.012998	0.012998	0.012998	
4	0.961007	0.012998	0.012998	0.012998	
5	0.880289	0.013169	0.013169	0.093373	
6	0.932956	0.022348	0.022348	0.022348	
7	0.140723	0.145946	0.664396	0.048934	
8	0.195662	0.210208	0.48941	0.104721	


Motif	RNCMPT00063
#	NGCUGGNC 10 158.89894350580002
Pos	A	C	G	U
1	0.164554	0.241925	0.338607	0.254913	
2	0.006177	0.006177	0.98147	0.006177	
3	0.006177	0.98147	0.006177	0.006177	
4	0.095781	0.006254	0.271611	0.626354	
5	0.006177	0.006177	0.98147	0.006177	
6	0.006177	0.006177	0.98147	0.006177	
7	0.395402	0.373174	0.099749	0.131675	
8	0.185597	0.632216	0.091094	0.091094	


Motif	RNCMPT00064
#	AAAAAAN 10 110.4857063241
Pos	A	C	G	U
1	0.672409	0.077889	0.171814	0.077889	
2	0.52555	0.11888	0.329926	0.025644	
3	0.973565	0.008812	0.008812	0.008812	
4	0.973565	0.008812	0.008812	0.008812	
5	0.973565	0.008812	0.008812	0.008812	
6	0.973565	0.008812	0.008812	0.008812	
7	0.323876	0.437612	0.118535	0.119977	


Motif	RNCMPT00065
#	NACUAANN 10 92.83830354126
Pos	A	C	G	U
1	0.313125	0.125217	0.436442	0.125217	
2	0.968697	0.010434	0.010434	0.010434	
3	0.010434	0.968697	0.010434	0.010434	
4	0.010544	0.091459	0.010544	0.887452	
5	0.968697	0.010434	0.010434	0.010434	
6	0.929928	0.023357	0.023357	0.023357	
7	0.070604	0.437365	0.070604	0.421427	
8	0.334517	0.217512	0.322729	0.125242	


Motif	RNCMPT00066
#	NGGAGGAN 10 141.09054500099998
Pos	A	C	G	U
1	0.439105	0.153032	0.153032	0.25483	
2	0.00694	0.00694	0.97918	0.00694	
3	0.00694	0.00694	0.97918	0.00694	
4	0.97918	0.00694	0.00694	0.00694	
5	0.007038	0.091572	0.795493	0.105898	
6	0.00694	0.00694	0.97918	0.00694	
7	0.541699	0.022062	0.414177	0.022062	
8	0.403013	0.194748	0.21928	0.182959	


Motif	RNCMPT00067
#	GANGGAGNN 10 67.0531537979
Pos	A	C	G	U
1	0.152105	0.152105	0.543684	0.152105	
2	0.579478	0.099333	0.221856	0.099333	
3	0.127768	0.147104	0.286746	0.438382	
4	0.014275	0.014275	0.957175	0.014275	
5	0.014275	0.014275	0.957175	0.014275	
6	0.957175	0.014275	0.014275	0.014275	
7	0.075467	0.255746	0.511203	0.157584	
8	0.098303	0.340201	0.463193	0.098303	
9	0.42725	0.270158	0.151296	0.151296	


Motif	RNCMPT00068
#	NAUAUUAA 10 61.632251839350005
Pos	A	C	G	U
1	0.444857	0.150061	0.150061	0.255022	
2	0.744495	0.050481	0.050481	0.154543	
3	0.100792	0.015715	0.015715	0.867778	
4	0.953584	0.015472	0.015472	0.015472	
5	0.015472	0.015472	0.015472	0.953584	
6	0.186229	0.015966	0.095768	0.702037	
7	0.637898	0.023903	0.023903	0.314295	
8	0.582882	0.101316	0.214487	0.101316	


Motif	RNCMPT00069
#	ACACACA 10 112.1071648508
Pos	A	C	G	U
1	0.789585	0.070138	0.070138	0.070138	
2	0.025443	0.536537	0.22173	0.21629	
3	0.973937	0.008688	0.008688	0.008688	
4	0.008688	0.973937	0.008688	0.008688	
5	0.973937	0.008688	0.008688	0.008688	
6	0.008764	0.891691	0.090782	0.008764	
7	0.653197	0.048367	0.250069	0.048367	


Motif	RNCMPT00070
#	GAUCAAGN 10 81.59425848964999
Pos	A	C	G	U
1	0.292063	0.095697	0.516542	0.095697	
2	0.637548	0.022669	0.022669	0.317115	
3	0.011821	0.011821	0.011821	0.964537	
4	0.011821	0.964537	0.011821	0.011821	
5	0.964537	0.011821	0.011821	0.011821	
6	0.964537	0.011821	0.011821	0.011821	
7	0.125145	0.028808	0.81724	0.028808	
8	0.263829	0.335134	0.246232	0.154805	


Motif	RNCMPT00071
#	UUGCACA 10 109.49193726909999
Pos	A	C	G	U
1	0.264919	0.072377	0.072377	0.590328	
2	0.187318	0.008969	0.008969	0.794743	
3	0.00889	0.00889	0.973331	0.00889	
4	0.00889	0.973331	0.00889	0.00889	
5	0.973331	0.00889	0.00889	0.00889	
6	0.00889	0.973331	0.00889	0.00889	
7	0.636763	0.052184	0.258869	0.052184	


Motif	RNCMPT00072
#	AGGAGANN 10 56.90233281404999
Pos	A	C	G	U
1	0.639368	0.120211	0.120211	0.120211	
2	0.016694	0.016694	0.949918	0.016694	
3	0.016694	0.016694	0.949918	0.016694	
4	0.871929	0.016977	0.016977	0.094117	
5	0.016694	0.016694	0.949918	0.016694	
6	0.595522	0.01727	0.093373	0.293834	
7	0.303372	0.01727	0.392631	0.286727	
8	0.323508	0.131206	0.41408	0.131206	


Motif	RNCMPT00073
#	GACGACGN 10 113.25557655398
Pos	A	C	G	U
1	0.200878	0.120233	0.558655	0.120233	
2	0.821225	0.059592	0.059592	0.059592	
3	0.008602	0.974195	0.008602	0.008602	
4	0.008602	0.008602	0.974195	0.008602	
5	0.974195	0.008602	0.008602	0.008602	
6	0.008602	0.974195	0.008602	0.008602	
7	0.149852	0.051548	0.747053	0.051548	
8	0.341529	0.130642	0.397187	0.130642	


Motif	RNCMPT00074
#	GAGGANCA 10 62.33781729412
Pos	A	C	G	U
1	0.218349	0.127346	0.526959	0.127346	
2	0.927582	0.024139	0.024139	0.024139	
3	0.015543	0.015543	0.686615	0.282299	
4	0.015305	0.015305	0.954085	0.015305	
5	0.954085	0.015305	0.015305	0.015305	
6	0.192862	0.295817	0.420066	0.091255	
7	0.318862	0.635048	0.023045	0.023045	
8	0.528151	0.123727	0.224395	0.123727	


Motif	RNCMPT00075
#	CGAUACUNN 10 42.020013143140005
Pos	A	C	G	U
1	0.194289	0.60889	0.098411	0.098411	
2	0.209309	0.098411	0.593869	0.098411	
3	0.926782	0.024406	0.024406	0.024406	
4	0.022212	0.022212	0.022212	0.933363	
5	0.933363	0.022212	0.022212	0.022212	
6	0.051039	0.749432	0.051039	0.148489	
7	0.075402	0.075402	0.075402	0.773795	
8	0.348017	0.152845	0.2475	0.251638	
9	0.249224	0.251638	0.251638	0.2475	


Motif	RNCMPT00076
#	NGAAUGAN 10 93.29245968799
Pos	A	C	G	U
1	0.327136	0.123988	0.221448	0.327427	
2	0.010385	0.010385	0.968845	0.010385	
3	0.796827	0.010605	0.100985	0.091583	
4	0.968845	0.010385	0.010385	0.010385	
5	0.010385	0.010385	0.010385	0.968845	
6	0.010385	0.010385	0.968845	0.010385	
7	0.652545	0.050888	0.144511	0.152055	
8	0.312984	0.126082	0.33739	0.223543	


Motif	RNCMPT00077
#	NUUUUUUG 10 63.562030817259995
Pos	A	C	G	U
1	0.342827	0.25198	0.154719	0.250474	
2	0.050524	0.050524	0.050524	0.848429	
3	0.015024	0.015024	0.015024	0.954929	
4	0.015024	0.015024	0.015024	0.954929	
5	0.015024	0.015024	0.015024	0.954929	
6	0.015024	0.015024	0.015024	0.954929	
7	0.023413	0.227525	0.22534	0.523721	
8	0.095698	0.095698	0.614661	0.193944	


Motif	RNCMPT00078
#	GAAGAAG 10 70.87873404167
Pos	A	C	G	U
1	0.162175	0.158382	0.607715	0.071728	
2	0.932614	0.022462	0.022462	0.022462	
3	0.778667	0.013721	0.19389	0.013721	
4	0.013721	0.19389	0.778667	0.013721	
5	0.959393	0.013536	0.013536	0.013536	
6	0.959393	0.013536	0.013536	0.013536	
7	0.142883	0.14987	0.56147	0.145777	


Motif	RNCMPT00079
#	NUUUUUNC 10 169.63147649500004
Pos	A	C	G	U
1	0.28813	0.31151	0.136299	0.264061	
2	0.067898	0.067898	0.067898	0.796306	
3	0.005793	0.005793	0.005793	0.982622	
4	0.005793	0.005793	0.005793	0.982622	
5	0.005793	0.005793	0.005793	0.982622	
6	0.005793	0.005793	0.005793	0.982622	
7	0.005826	0.489384	0.005826	0.498963	
8	0.11607	0.65179	0.11607	0.11607	


Motif	RNCMPT00080
#	NUUUUUUCN 10 127.96288336223998
Pos	A	C	G	U
1	0.189324	0.380965	0.110051	0.31966	
2	0.162805	0.173393	0.088033	0.575769	
3	0.04314	0.04314	0.04314	0.870579	
4	0.01799	0.01799	0.01799	0.946031	
5	0.007636	0.007636	0.007636	0.977093	
6	0.007636	0.007636	0.007636	0.977093	
7	0.007636	0.007636	0.007636	0.977093	
8	0.149847	0.550459	0.149847	0.149847	
9	0.169885	0.42742	0.169885	0.232811	


Motif	RNCMPT00081
#	UGUUGUG 10 103.75417529677001
Pos	A	C	G	U
1	0.009456	0.009456	0.08011	0.900978	
2	0.091008	0.009546	0.818572	0.080874	
3	0.009367	0.009367	0.009367	0.971898	
4	0.087023	0.009546	0.170695	0.732736	
5	0.009456	0.009456	0.881776	0.099312	
6	0.009456	0.009456	0.099312	0.881776	
7	0.189398	0.080395	0.550175	0.180032	


Motif	RNCMPT00082
#	NGCUGGCC 10 227.96649184019998
Pos	A	C	G	U
1	0.154986	0.240948	0.231026	0.373041	
2	0.00433	0.00433	0.987011	0.00433	
3	0.00433	0.987011	0.00433	0.00433	
4	0.173669	0.004348	0.004348	0.817634	
5	0.00433	0.00433	0.987011	0.00433	
6	0.00433	0.00433	0.987011	0.00433	
7	0.138994	0.682773	0.016753	0.16148	
8	0.096369	0.630785	0.176478	0.096369	


Motif	RNCMPT00083
#	AACAUCN 10 144.9762821039
Pos	A	C	G	U
1	0.979726	0.006758	0.006758	0.006758	
2	0.834402	0.151991	0.006804	0.006804	
3	0.006758	0.979726	0.006758	0.006758	
4	0.979726	0.006758	0.006758	0.006758	
5	0.072002	0.129151	0.00685	0.791997	
6	0.006758	0.979726	0.006758	0.006758	
7	0.497223	0.152092	0.170074	0.180611	


Motif	RNCMPT00084
#	NAACAACN 10 99.46019209795
Pos	A	C	G	U
1	0.240486	0.151267	0.456979	0.151267	
2	0.97072	0.00976	0.00976	0.00976	
3	0.888605	0.009856	0.091683	0.009856	
4	0.00976	0.97072	0.00976	0.00976	
5	0.929855	0.023382	0.023382	0.023382	
6	0.530906	0.023382	0.023382	0.422331	
7	0.023382	0.929855	0.023382	0.023382	
8	0.332378	0.099258	0.27247	0.295894	


Motif	RNCMPT00085
#	GCAGCGCGN 10 166.2447289751
Pos	A	C	G	U
1	0.114028	0.199624	0.572319	0.114028	
2	0.178743	0.634962	0.093147	0.093147	
3	0.788136	0.070621	0.070621	0.070621	
4	0.005909	0.005909	0.982274	0.005909	
5	0.005909	0.982274	0.005909	0.005909	
6	0.037367	0.037367	0.887899	0.037367	
7	0.291573	0.517928	0.09525	0.09525	
8	0.14068	0.14068	0.577961	0.14068	
9	0.333504	0.345099	0.160698	0.160698	


Motif	RNCMPT00086
#	UUUGUUU 10 53.08046809977
Pos	A	C	G	U
1	0.02514	0.02514	0.115828	0.833891	
2	0.017832	0.017832	0.017832	0.946505	
3	0.018155	0.018155	0.101517	0.862173	
4	0.293759	0.102884	0.584866	0.018491	
5	0.018155	0.018155	0.178796	0.784893	
6	0.025322	0.025322	0.025322	0.924033	
7	0.049137	0.049137	0.049137	0.852588	


Motif	RNCMPT00087
#	GANUUAAN 10 120.44289608890001
Pos	A	C	G	U
1	0.113735	0.113735	0.658794	0.113735	
2	0.652	0.023091	0.212436	0.112474	
3	0.496925	0.301319	0.008234	0.193522	
4	0.008101	0.008101	0.008101	0.975697	
5	0.008101	0.008101	0.008101	0.975697	
6	0.975697	0.008101	0.008101	0.008101	
7	0.975697	0.008101	0.008101	0.008101	
8	0.136854	0.136854	0.411403	0.314889	


Motif	RNCMPT00088
#	AGAGANN 10 105.4553536461
Pos	A	C	G	U
1	0.928885	0.023705	0.023705	0.023705	
2	0.00922	0.00922	0.972339	0.00922	
3	0.700059	0.009306	0.281328	0.009306	
4	0.00922	0.00922	0.972339	0.00922	
5	0.700059	0.009306	0.281328	0.009306	
6	0.4476	0.161551	0.340564	0.050285	
7	0.473033	0.188613	0.266688	0.071666	


Motif	RNCMPT00089
#	NAGAGAAN 10 120.59211882982999
Pos	A	C	G	U
1	0.252865	0.157198	0.432738	0.157198	
2	0.92053	0.02649	0.02649	0.02649	
3	0.170705	0.008157	0.812981	0.008157	
4	0.888894	0.008157	0.094792	0.008157	
5	0.008091	0.008091	0.975727	0.008091	
6	0.888894	0.008157	0.094792	0.008157	
7	0.589011	0.170945	0.167049	0.072994	
8	0.405223	0.2086	0.292699	0.093478	


Motif	RNCMPT00090
#	AGAGAAA 10 142.9421468088
Pos	A	C	G	U
1	0.875832	0.041389	0.041389	0.041389	
2	0.019145	0.019145	0.942566	0.019145	
3	0.979444	0.006852	0.006852	0.006852	
4	0.006852	0.006852	0.979444	0.006852	
5	0.979444	0.006852	0.006852	0.006852	
6	0.611476	0.283996	0.09758	0.006947	
7	0.528333	0.218809	0.171068	0.08179	


Motif	RNCMPT00091
#	NACACNAN 10 47.065302718720005
Pos	A	C	G	U
1	0.246789	0.240908	0.366377	0.145925	
2	0.940078	0.019974	0.019974	0.019974	
3	0.019974	0.940078	0.019974	0.019974	
4	0.940078	0.019974	0.019974	0.019974	
5	0.096522	0.862716	0.020381	0.020381	
6	0.486072	0.098531	0.394593	0.020805	
7	0.830779	0.023746	0.121729	0.023746	
8	0.296821	0.295513	0.302169	0.105497	


Motif	RNCMPT00093
#	NNUAGGNUA 10 120.79080416181999
Pos	A	C	G	U
1	0.251828	0.164263	0.419647	0.164263	
2	0.14207	0.14207	0.318406	0.397454	
3	0.008078	0.008078	0.008078	0.975766	
4	0.975766	0.008078	0.008078	0.008078	
5	0.078894	0.008144	0.904819	0.008144	
6	0.022601	0.022601	0.932198	0.022601	
7	0.299334	0.129715	0.336926	0.234025	
8	0.188098	0.088516	0.088516	0.634871	
9	0.566136	0.111427	0.21101	0.111427	


Motif	RNCMPT00094
#	GNUAGGGN 10 92.65733230348
Pos	A	C	G	U
1	0.1166	0.1166	0.650199	0.1166	
2	0.073707	0.073707	0.453704	0.398881	
3	0.010454	0.010454	0.010454	0.968638	
4	0.968638	0.010454	0.010454	0.010454	
5	0.010454	0.010454	0.968638	0.010454	
6	0.010454	0.010454	0.968638	0.010454	
7	0.077649	0.077649	0.557618	0.287083	
8	0.342507	0.303179	0.13381	0.220504	


Motif	RNCMPT00095
#	NGGUAGGG 10 169.6850264236
Pos	A	C	G	U
1	0.344614	0.158952	0.337482	0.158952	
2	0.151684	0.070759	0.706798	0.070759	
3	0.005825	0.005825	0.775536	0.212815	
4	0.005791	0.005791	0.005791	0.982627	
5	0.982627	0.005791	0.005791	0.005791	
6	0.005791	0.005791	0.982627	0.005791	
7	0.022195	0.022195	0.933416	0.022195	
8	0.093326	0.093326	0.720021	0.093326	


Motif	RNCMPT00096
#	GGUAGGGN 10 217.8791028646
Pos	A	C	G	U
1	0.184146	0.093684	0.628486	0.093684	
2	0.018373	0.018373	0.755841	0.207413	
3	0.004527	0.004527	0.004527	0.986418	
4	0.986418	0.004527	0.004527	0.004527	
5	0.004527	0.004527	0.986418	0.004527	
6	0.026591	0.026591	0.920227	0.026591	
7	0.073507	0.073507	0.77948	0.073507	
8	0.263895	0.321652	0.158502	0.255951	


Motif	RNCMPT00097
#	NCGCGCGN 10 154.97346322580003
Pos	A	C	G	U
1	0.227483	0.12465	0.222811	0.425055	
2	0.037922	0.886233	0.037922	0.037922	
3	0.020409	0.020409	0.938773	0.020409	
4	0.006371	0.841323	0.145936	0.006371	
5	0.00633	0.00633	0.981009	0.00633	
6	0.020888	0.937335	0.020888	0.020888	
7	0.020888	0.020888	0.937335	0.020888	
8	0.127396	0.127396	0.420887	0.324322	


Motif	RNCMPT00099
#	NAGUAGNU 10 116.02332377610001
Pos	A	C	G	U
1	0.341843	0.157934	0.157934	0.342289	
2	0.823837	0.058721	0.058721	0.058721	
3	0.029575	0.029575	0.911276	0.029575	
4	0.008402	0.008402	0.008402	0.974795	
5	0.974795	0.008402	0.008402	0.008402	
6	0.008402	0.008402	0.974795	0.008402	
7	0.144794	0.046295	0.461627	0.347285	
8	0.188385	0.092737	0.187815	0.531064	


Motif	RNCMPT00100
#	NAGUAGGG 10 104.13692195720999
Pos	A	C	G	U
1	0.257025	0.245009	0.151467	0.3465	
2	0.67838	0.07172	0.178181	0.07172	
3	0.009334	0.009334	0.971998	0.009334	
4	0.009334	0.009334	0.009334	0.971998	
5	0.971998	0.009334	0.009334	0.009334	
6	0.009334	0.009334	0.971998	0.009334	
7	0.146452	0.050773	0.652155	0.15062	
8	0.211541	0.099377	0.589706	0.099377	


Motif	RNCMPT00101
#	NUGUACAN 10 217.15988702890002
Pos	A	C	G	U
1	0.29571	0.233985	0.165349	0.304955	
2	0.004542	0.004542	0.004542	0.986374	
3	0.004542	0.004542	0.986374	0.004542	
4	0.004542	0.004542	0.004542	0.986374	
5	0.986374	0.004542	0.004542	0.004542	
6	0.237607	0.576496	0.066143	0.119754	
7	0.986374	0.004542	0.004542	0.004542	
8	0.096002	0.096002	0.456814	0.351181	


Motif	RNCMPT00102
#	NUGUACAN 10 115.04007301892999
Pos	A	C	G	U
1	0.280551	0.182876	0.295352	0.241221	
2	0.008472	0.008472	0.008472	0.974585	
3	0.008472	0.008472	0.974585	0.008472	
4	0.008472	0.008472	0.008472	0.974585	
5	0.974585	0.008472	0.008472	0.008472	
6	0.085099	0.575999	0.054732	0.28417	
7	0.974585	0.008472	0.008472	0.008472	
8	0.071367	0.071367	0.465083	0.392182	


Motif	RNCMPT00103
#	NUGUAAAN 10 202.01438402279996
Pos	A	C	G	U
1	0.42745	0.166764	0.239022	0.166764	
2	0.004878	0.004878	0.004878	0.985367	
3	0.004878	0.004878	0.985367	0.004878	
4	0.004878	0.004878	0.004878	0.985367	
5	0.985367	0.004878	0.004878	0.004878	
6	0.51152	0.377637	0.004926	0.105917	
7	0.625818	0.037803	0.211057	0.125322	
8	0.094681	0.094681	0.362334	0.448304	


Motif	RNCMPT00104
#	NUGUANAN 10 183.7388184508
Pos	A	C	G	U
1	0.430766	0.233048	0.168093	0.168093	
2	0.005355	0.005355	0.005355	0.983935	
3	0.005355	0.005355	0.983935	0.005355	
4	0.005355	0.005355	0.005355	0.983935	
5	0.983935	0.005355	0.005355	0.005355	
6	0.492963	0.405399	0.005413	0.096225	
7	0.705219	0.03669	0.12606	0.132031	
8	0.092984	0.092984	0.357531	0.456501	


Motif	RNCMPT00105
#	UGUAAUU 10 48.18427151977
Pos	A	C	G	U
1	0.019491	0.019491	0.019491	0.941526	
2	0.019537	0.019537	0.941388	0.019537	
3	0.019537	0.019537	0.019537	0.941388	
4	0.941388	0.019537	0.019537	0.019537	
5	0.595303	0.086222	0.077965	0.24051	
6	0.234176	0.043936	0.15144	0.570448	
7	0.070812	0.070812	0.070812	0.787563	


Motif	RNCMPT00106
#	NGGAGGAN 10 101.80336212390999
Pos	A	C	G	U
1	0.26754	0.151346	0.238451	0.342664	
2	0.009542	0.009542	0.971375	0.009542	
3	0.176402	0.009634	0.80433	0.009634	
4	0.971375	0.009542	0.009542	0.009542	
5	0.009727	0.180715	0.692015	0.117542	
6	0.009542	0.009542	0.971375	0.009542	
7	0.719878	0.021065	0.237992	0.021065	
8	0.315165	0.313598	0.191491	0.179747	


Motif	RNCMPT00107
#	GGAGGAN 10 99.56979748852001
Pos	A	C	G	U
1	0.022806	0.022806	0.931581	0.022806	
2	0.009749	0.009749	0.970752	0.009749	
3	0.970752	0.009749	0.009749	0.009749	
4	0.183588	0.100797	0.600427	0.115187	
5	0.009749	0.009749	0.970752	0.009749	
6	0.588604	0.009845	0.391705	0.009845	
7	0.475749	0.196393	0.167436	0.160423	


Motif	RNCMPT00108
#	NGGAGGAN 10 104.00182337129999
Pos	A	C	G	U
1	0.348236	0.24313	0.156833	0.251801	
2	0.009346	0.009346	0.971963	0.009346	
3	0.009346	0.009346	0.971963	0.009346	
4	0.971963	0.009346	0.009346	0.009346	
5	0.009524	0.193355	0.696391	0.100731	
6	0.009346	0.009346	0.971963	0.009346	
7	0.540376	0.021078	0.417468	0.021078	
8	0.38754	0.208671	0.310614	0.093174	


Motif	RNCMPT00109
#	NGGAGGAN 10 111.78261120525002
Pos	A	C	G	U
1	0.257106	0.236619	0.255606	0.250669	
2	0.020427	0.020427	0.938718	0.020427	
3	0.102375	0.008789	0.880047	0.008789	
4	0.880047	0.008789	0.008789	0.102375	
5	0.008789	0.187652	0.794771	0.008789	
6	0.008712	0.008712	0.973864	0.008712	
7	0.695143	0.008789	0.28728	0.008789	
8	0.292951	0.298359	0.310114	0.098576	


Motif	RNCMPT00110
#	NAGGACAN 10 94.44895844092001
Pos	A	C	G	U
1	0.330475	0.412173	0.128676	0.128676	
2	0.924937	0.025021	0.025021	0.025021	
3	0.010262	0.010262	0.969215	0.010262	
4	0.010262	0.010262	0.969215	0.010262	
5	0.969215	0.010262	0.010262	0.010262	
6	0.048046	0.649283	0.1614	0.141271	
7	0.672589	0.184706	0.071352	0.071352	
8	0.343825	0.317098	0.217305	0.121771	


Motif	RNCMPT00111
#	NGCUGGCC 10 242.92702977070002
Pos	A	C	G	U
1	0.150291	0.302067	0.225621	0.322021	
2	0.004066	0.004066	0.987801	0.004066	
3	0.004066	0.987801	0.004066	0.004066	
4	0.099918	0.0041	0.161841	0.734141	
5	0.004066	0.004066	0.987801	0.004066	
6	0.004066	0.004066	0.987801	0.004066	
7	0.136556	0.741249	0.0041	0.118095	
8	0.101716	0.614991	0.181577	0.101716	


Motif	RNCMPT00112
#	UUUGUUUU 10 86.37577925119001
Pos	A	C	G	U
1	0.131412	0.131412	0.131412	0.605764	
2	0.047632	0.047632	0.047632	0.857105	
3	0.011189	0.011189	0.011189	0.966434	
4	0.330106	0.011315	0.647263	0.011315	
5	0.011315	0.011315	0.406383	0.570986	
6	0.011189	0.011189	0.011189	0.966434	
7	0.045585	0.045585	0.045585	0.863244	
8	0.12266	0.12266	0.216077	0.538603	


Motif	RNCMPT00113
#	CGCGCGGG 10 177.27632426259999
Pos	A	C	G	U
1	0.129255	0.510555	0.129255	0.230935	
2	0.02313	0.109313	0.844428	0.02313	
3	0.02313	0.761923	0.191817	0.02313	
4	0.005547	0.005547	0.983359	0.005547	
5	0.005547	0.983359	0.005547	0.005547	
6	0.005547	0.005547	0.983359	0.005547	
7	0.019837	0.146135	0.632765	0.201264	
8	0.121255	0.213774	0.543715	0.121255	


Motif	RNCMPT00114
#	UGUGUGUN 10 204.09778387850002
Pos	A	C	G	U
1	0.105512	0.105512	0.105512	0.683465	
2	0.024785	0.024785	0.663176	0.287255	
