Motif	Cluster_0
#	RAUAAAA 5 RNCMPT00185,RNCMPT00169,RNCMPT00034,RNCMPT01673,RNCMPT00500
Pos	A	C	G	U
1	0.319486	0.109064	0.462385	0.109064	
2	0.714602	0.08356	0.060837	0.141001	
3	0.010752	0.010752	0.010752	0.967744	
4	0.967744	0.010752	0.010752	0.010752	
5	0.967744	0.010752	0.010752	0.010752	
6	0.822366	0.010856	0.010856	0.155922	
7	0.616666	0.176285	0.046052	0.160997	


Motif	Cluster_1
#	AGAACARD 9 RNCMPT00230,RNCMPT00382,RNCMPT00072,RNCMPT00059,RNCMPT00862,RNCMPT00366,RNCMPT00368,RNCMPT00831,RNCMPT00263
Pos	A	C	G	U
1	0.655138	0.078185	0.18849	0.078185	
2	0.014818	0.356265	0.6141	0.014818	
3	0.767974	0.014818	0.20239	0.014818	
4	0.739172	0.070562	0.119703	0.070562	
5	0.011783	0.964651	0.011783	0.011783	
6	0.705059	0.011923	0.271094	0.011923	
7	0.410331	0.012067	0.385896	0.191706	
8	0.250566	0.168538	0.33629	0.244605	


Motif	Cluster_2
#	UAWUUUG 16 RNCMPT00032,RNCMPT00814,RNCMPT00165,RNCMPT00813,RNCMPT01672,RNCMPT00689,RNCMPT00421,RNCMPT00232,RNCMPT00414,RNCMPT00749,RNCMPT00005,RNCMPT00256,RNCMPT00236,RNCMPT00741,RNCMPT00345,RNCMPT00464
Pos	A	C	G	U
1	0.279675	0.095876	0.111419	0.51303	
2	0.545847	0.056796	0.024786	0.372571	
3	0.386851	0.024988	0.095594	0.492567	
4	0.021871	0.012717	0.014827	0.950585	
5	0.017067	0.014569	0.014569	0.953795	
6	0.033302	0.033137	0.038621	0.894941	
7	0.071421	0.071421	0.497059	0.360099	


Motif	Cluster_3
#	WAUAUUA 5 RNCMPT00182,RNCMPT00173,RNCMPT00175,RNCMPT00311,RNCMPT00676
Pos	A	C	G	U
1	0.329123	0.090334	0.13582	0.444723	
2	0.65422	0.032025	0.056938	0.256817	
3	0.051929	0.01218	0.01218	0.92371	
4	0.850528	0.012245	0.061083	0.076144	
5	0.077772	0.020623	0.020623	0.880983	
6	0.211932	0.035617	0.035617	0.716833	
7	0.60516	0.084284	0.155265	0.155292	


Motif	Cluster_4
#	AUUUUK 8 RNCMPT00475,RNCMPT00025,RNCMPT00158,RNCMPT00159,RNCMPT00167,RNCMPT00396,RNCMPT00413,RNCMPT00349
Pos	A	C	G	U
1	0.404822	0.159037	0.221592	0.214549	
2	0.527114	0.039009	0.083316	0.350561	
3	0.033384	0.010869	0.010869	0.944878	
4	0.007686	0.007686	0.007686	0.976943	
5	0.0088	0.0088	0.0088	0.9736	
6	0.009777	0.009777	0.01468	0.965765	
7	0.183999	0.194202	0.320347	0.301452	


Motif	Cluster_5
#	UAGCACA 9 RNCMPT01660,RNCMPT00507,RNCMPT00071,RNCMPT00145,RNCMPT00133,RNCMPT00249,RNCMPT00510,RNCMPT00209,RNCMPT00830
Pos	A	C	G	U
1	0.230492	0.07758	0.188266	0.503662	
2	0.63783	0.018136	0.008159	0.335875	
3	0.007655	0.007655	0.977036	0.007655	
4	0.007655	0.977036	0.007655	0.007655	
5	0.977036	0.007655	0.007655	0.007655	
6	0.011517	0.96545	0.011517	0.011517	
7	0.500833	0.073473	0.331347	0.094347	


Motif	Cluster_6
#	WUGCACA 5 RNCMPT00757,RNCMPT00223,RNCMPT00234,RNCMPT00723,RNCMPT00181
Pos	A	C	G	U
1	0.313695	0.093062	0.231666	0.361576	
2	0.311372	0.035727	0.035727	0.617173	
3	0.272438	0.01258	0.607052	0.107929	
4	0.010469	0.968594	0.010469	0.010469	
5	0.968594	0.010469	0.010469	0.010469	
6	0.010469	0.968594	0.010469	0.010469	
7	0.682928	0.057464	0.202144	0.057464	


Motif	Cluster_7
#	UKUUUUG 6 RNCMPT00229,RNCMPT00202,RNCMPT00325,RNCMPT00228,RNCMPT00343,RNCMPT00262
Pos	A	C	G	U
1	0.088712	0.065158	0.090139	0.755991	
2	0.014928	0.014928	0.540549	0.429594	
3	0.030036	0.010835	0.031561	0.927568	
4	0.010806	0.010806	0.024212	0.954175	
5	0.013871	0.013871	0.045645	0.926614	
6	0.033697	0.033697	0.115061	0.817544	
7	0.123965	0.117796	0.498719	0.25952	


Motif	Cluster_8
#	UUUUUUU 10 RNCMPT00418,RNCMPT00079,RNCMPT00012,RNCMPT00820,RNCMPT00760,RNCMPT00758,RNCMPT01670,RNCMPT01671,RNCMPT00080,RNCMPT01685
Pos	A	C	G	U
1	0.058408	0.058408	0.058408	0.824776	
2	0.052539	0.033605	0.079464	0.834392	
3	0.009403	0.009403	0.009403	0.971792	
4	0.026142	0.009259	0.009259	0.95534	
5	0.00926	0.018342	0.017798	0.9546	
6	0.036961	0.061569	0.115921	0.785548	
7	0.053444	0.099471	0.154518	0.692567	


Motif	Cluster_9
#	AGGRRAA 7 RNCMPT00205,RNCMPT00150,RNCMPT00808,RNCMPT00160,RNCMPT00199,RNCMPT00476,RNCMPT00238
Pos	A	C	G	U
1	0.558651	0.021935	0.066899	0.352515	
2	0.024628	0.012809	0.885122	0.077441	
3	0.011326	0.011326	0.966023	0.011326	
4	0.474543	0.035638	0.44267	0.047149	
5	0.322402	0.112202	0.418929	0.146467	
6	0.725649	0.052717	0.168918	0.052717	
7	0.495268	0.089261	0.13605	0.27942	


Motif	Cluster_10
#	CCUWACC 6 RNCMPT00137,RNCMPT00246,RNCMPT00026,RNCMPT00186,RNCMPT00215,RNCMPT00239
Pos	A	C	G	U
1	0.089731	0.715312	0.105225	0.089731	
2	0.123261	0.730696	0.038176	0.107867	
3	0.170251	0.057395	0.015203	0.757152	
4	0.377478	0.059244	0.059244	0.504035	
5	0.660733	0.095724	0.049763	0.19378	
6	0.019956	0.940133	0.019956	0.019956	
7	0.018184	0.945447	0.018184	0.018184	


Motif	Cluster_11
#	UAGKWAG 9 RNCMPT00331,RNCMPT00340,RNCMPT01667,RNCMPT00677,RNCMPT00041,RNCMPT00245,RNCMPT00462,RNCMPT00430,RNCMPT00684
Pos	A	C	G	U
1	0.038799	0.027931	0.027931	0.905339	
2	0.962505	0.012498	0.012498	0.012498	
3	0.038833	0.026988	0.907192	0.026988	
4	0.145086	0.060333	0.433792	0.360789	
5	0.506674	0.033673	0.027442	0.432211	
6	0.523653	0.07042	0.255464	0.150464	
7	0.213694	0.094333	0.597641	0.094333	


Motif	Cluster_12
#	AAAAAAA 6 RNCMPT00508,RNCMPT00155,RNCMPT00064,RNCMPT00043,RNCMPT00139,RNCMPT00511
Pos	A	C	G	U
1	0.489378	0.129883	0.240969	0.139771	
2	0.525752	0.086802	0.348005	0.039441	
3	0.967003	0.007874	0.017249	0.007874	
4	0.976395	0.007868	0.007868	0.007868	
5	0.976395	0.007868	0.007868	0.007868	
6	0.953082	0.017588	0.02145	0.007879	
7	0.645341	0.156531	0.05019	0.147939	


Motif	Cluster_13
#	WGAAUGA 5 RNCMPT00683,RNCMPT01664,RNCMPT00076,RNCMPT00776,RNCMPT00146
Pos	A	C	G	U
1	0.335023	0.098232	0.122597	0.444148	
2	0.021635	0.021635	0.935095	0.021635	
3	0.51227	0.021738	0.17694	0.289052	
4	0.713727	0.010598	0.265077	0.010598	
5	0.010525	0.010525	0.010525	0.968426	
6	0.016762	0.016762	0.949714	0.016762	
7	0.590008	0.06617	0.20354	0.140281	


Motif	Cluster_14
#	UGUUGUG 5 RNCMPT00004,RNCMPT00187,RNCMPT00166,RNCMPT00183,RNCMPT00081
Pos	A	C	G	U
1	0.057143	0.057143	0.209859	0.675855	
2	0.094807	0.054076	0.596106	0.255012	
3	0.103288	0.067309	0.306128	0.523274	
4	0.048116	0.028747	0.069034	0.854102	
5	0.017848	0.017848	0.923993	0.040312	
6	0.014833	0.014833	0.037297	0.933036	
7	0.079978	0.052727	0.515922	0.351372	


Motif	Cluster_15
#	GACAAG 5 RNCMPT00016,RNCMPT00161,RNCMPT00020,RNCMPT00015,RNCMPT00474
Pos	A	C	G	U
1	0.166201	0.214271	0.223688	0.39584	
2	0.01631	0.01631	0.95107	0.01631	
3	0.911678	0.016438	0.055446	0.016438	
4	0.056578	0.888558	0.01757	0.037294	
5	0.626881	0.017615	0.337889	0.017615	
6	0.546783	0.103728	0.208252	0.141236	
7	0.349441	0.075975	0.498609	0.075975	


Motif	Cluster_16
#	AVAAAA 7 RNCMPT00171,RNCMPT00688,RNCMPT00255,RNCMPT00253,RNCMPT00471,RNCMPT00257,RNCMPT00623
Pos	A	C	G	U
1	0.883902	0.069417	0.02334	0.02334	
2	0.377011	0.290075	0.298469	0.034446	
3	0.969001	0.010333	0.010333	0.010333	
4	0.917555	0.027482	0.027482	0.027482	
5	0.747656	0.098587	0.099635	0.054123	
6	0.573482	0.102869	0.198022	0.125627	
7	0.388846	0.171013	0.215884	0.224257	


Motif	Cluster_17
#	GAGUGUG 6 RNCMPT00284,RNCMPT00283,RNCMPT00184,RNCMPT00285,RNCMPT01677,RNCMPT00416
Pos	A	C	G	U
1	0.073092	0.073092	0.780723	0.073092	
2	0.502712	0.042477	0.091555	0.363256	
3	0.010253	0.010253	0.969239	0.010253	
4	0.090978	0.0103	0.0103	0.888421	
5	0.010289	0.010289	0.925363	0.054058	
6	0.103654	0.010302	0.010302	0.875741	
7	0.098951	0.045573	0.742468	0.113008	


Motif	Cluster_18
#	UGCAUGM 5 RNCMPT00168,RNCMPT00818,RNCMPT00123,RNCMPT00017,RNCMPT00180
Pos	A	C	G	U
1	0.279543	0.061051	0.061051	0.598354	
2	0.004566	0.004566	0.986302	0.004566	
3	0.004566	0.986302	0.004566	0.004566	
4	0.986302	0.004566	0.004566	0.004566	
5	0.004566	0.004566	0.004566	0.986302	
6	0.004566	0.004566	0.986302	0.004566	
7	0.433406	0.300887	0.117244	0.148464	


