Motif	P039144_1.95d
#	AACCAAAN 10 92.46884647765604
Pos	A	C	G	U
1	0.606845	0.097054	0.199047	0.097054	
2	0.928994	0.023669	0.023669	0.023669	
3	0.010475	0.968576	0.010475	0.010475	
4	0.010475	0.968576	0.010475	0.010475	
5	0.890528	0.010586	0.010586	0.088301	
6	0.968576	0.010475	0.010475	0.010475	
7	0.570782	0.272397	0.07841	0.07841	
8	0.241316	0.449323	0.15468	0.15468	


Motif	P039145_1.95d
#	AUGUAUG 10 91.82629906826273
Pos	A	C	G	U
1	0.670066	0.07921	0.07921	0.171514	
2	0.022665	0.022665	0.022665	0.932004	
3	0.090211	0.010658	0.888473	0.010658	
4	0.010658	0.099923	0.010658	0.878761	
5	0.888473	0.010658	0.090211	0.010658	
6	0.022179	0.022179	0.022179	0.933462	
7	0.068247	0.068247	0.795258	0.068247	


Motif	P039153_1.95d
#	NAUGUAUG 10 83.15789969438922
Pos	A	C	G	U
1	0.354389	0.15329	0.15329	0.33903	
2	0.736223	0.023323	0.023323	0.217131	
3	0.011607	0.011607	0.011607	0.96518	
4	0.201874	0.011743	0.77464	0.011743	
5	0.011607	0.011607	0.011607	0.96518	
6	0.590531	0.011882	0.303636	0.09395	
7	0.11714	0.02514	0.02514	0.832581	
8	0.198084	0.100342	0.601233	0.100342	


Motif	P039154_1.95d
#	NACUAACN 10 111.4188162671196
Pos	A	C	G	U
1	0.33117	0.212868	0.22637	0.229591	
2	0.88109	0.039637	0.039637	0.039637	
3	0.00874	0.973781	0.00874	0.00874	
4	0.00874	0.00874	0.00874	0.973781	
5	0.973781	0.00874	0.00874	0.00874	
6	0.973781	0.00874	0.00874	0.00874	
7	0.023516	0.929452	0.023516	0.023516	
8	0.263963	0.12364	0.203447	0.40895	


Motif	P039160_1.95d
#	NACUAACN 10 111.52499757644247
Pos	A	C	G	U
1	0.330862	0.212647	0.226759	0.229732	
2	0.881398	0.039534	0.039534	0.039534	
3	0.008732	0.973805	0.008732	0.008732	
4	0.008732	0.008732	0.008732	0.973805	
5	0.973805	0.008732	0.008732	0.008732	
6	0.973805	0.008732	0.008732	0.008732	
7	0.023487	0.92954	0.023487	0.023487	
8	0.26413	0.123715	0.203778	0.408378	


Motif	P039181_1.95d
#	NAUGUAUG 10 90.85553738908881
Pos	A	C	G	U
1	0.251376	0.161129	0.161129	0.426366	
2	0.734938	0.057187	0.057187	0.150688	
3	0.010655	0.010655	0.010655	0.968036	
4	0.094649	0.010769	0.883812	0.010769	
5	0.010769	0.09128	0.010769	0.887181	
6	0.883812	0.010769	0.094649	0.010769	
7	0.109851	0.023142	0.023142	0.843866	
8	0.092177	0.092177	0.72347	0.092177	


Motif	P039186_1.95d
#	NACUAACN 10 111.02459895907893
Pos	A	C	G	U
1	0.332604	0.213118	0.225142	0.229135	
2	0.879235	0.040255	0.040255	0.040255	
3	0.00877	0.97369	0.00877	0.00877	
4	0.00877	0.00877	0.00877	0.97369	
5	0.97369	0.00877	0.00877	0.00877	
6	0.97369	0.00877	0.00877	0.00877	
7	0.023707	0.928878	0.023707	0.023707	
8	0.262408	0.123226	0.201985	0.412382	


Motif	P039190_1.95d
#	NNACNACNN 10 82.51926404197062
Pos	A	C	G	U
1	0.441843	0.317261	0.120448	0.120448	
2	0.223103	0.346885	0.120448	0.309564	
3	0.856016	0.047995	0.047995	0.047995	
4	0.047995	0.856016	0.047995	0.047995	
5	0.434365	0.022972	0.11793	0.424733	
6	0.96492	0.011693	0.011693	0.011693	
7	0.011693	0.96492	0.011693	0.011693	
8	0.223849	0.413566	0.232745	0.129839	
9	0.326755	0.129839	0.129839	0.413566	


Motif	P039193_1.95d
#	NAACCAAA 10 92.43012045118634
Pos	A	C	G	U
1	0.364036	0.152096	0.241665	0.242203	
2	0.679387	0.073317	0.173978	0.073317	
3	0.932062	0.022646	0.022646	0.022646	
4	0.010479	0.968563	0.010479	0.010479	
5	0.010479	0.968563	0.010479	0.010479	
6	0.886973	0.01059	0.01059	0.091847	
7	0.968563	0.010479	0.010479	0.010479	
8	0.507393	0.291771	0.100418	0.100418	


Motif	P039203_1.95d
#	NACUAACN 10 111.50927049589696
Pos	A	C	G	U
1	0.33107	0.211954	0.227207	0.229769	
2	0.881243	0.039586	0.039586	0.039586	
3	0.008733	0.973801	0.008733	0.008733	
4	0.008733	0.008733	0.008733	0.973801	
5	0.973801	0.008733	0.008733	0.008733	
6	0.973801	0.008733	0.008733	0.008733	
7	0.023577	0.92927	0.023577	0.023577	
8	0.263681	0.123737	0.203978	0.408605	


Motif	P077644_1.95d
#	NGGAGGAN 10 102.74673629319416
Pos	A	C	G	U
1	0.22718	0.318988	0.223362	0.230471	
2	0.047544	0.047544	0.857369	0.047544	
3	0.094551	0.009547	0.886356	0.009547	
4	0.796591	0.009639	0.098308	0.095462	
5	0.009457	0.009457	0.97163	0.009457	
6	0.009457	0.009457	0.97163	0.009457	
7	0.933227	0.022258	0.022258	0.022258	
8	0.212337	0.217347	0.443243	0.127073	


Motif	P077654_1.95d
#	UUGCACA 10 104.2846386717977
Pos	A	C	G	U
1	0.249922	0.065099	0.065099	0.61988	
2	0.260767	0.009409	0.009409	0.720416	
3	0.009321	0.009321	0.972037	0.009321	
4	0.009321	0.972037	0.009321	0.009321	
5	0.972037	0.009321	0.009321	0.009321	
6	0.009321	0.972037	0.009321	0.009321	
7	0.719652	0.057901	0.164545	0.057901	


Motif	P077667_1.95d
#	NGGAGGAN 10 102.44039365747022
Pos	A	C	G	U
1	0.20378	0.295932	0.292049	0.208239	
2	0.04834	0.04834	0.854981	0.04834	
3	0.183646	0.009575	0.797204	0.009575	
4	0.7105	0.089248	0.102269	0.097984	
5	0.009484	0.009484	0.971548	0.009484	
6	0.009484	0.009484	0.971548	0.009484	
7	0.933702	0.022099	0.022099	0.022099	
8	0.148102	0.239324	0.464472	0.148102	


Motif	P077674_1.95d
#	NUUUUUUN 10 91.52253837492502
Pos	A	C	G	U
1	0.247473	0.252268	0.248626	0.251633	
2	0.023772	0.023772	0.023772	0.928685	
3	0.010579	0.010579	0.010579	0.968262	
4	0.291844	0.010693	0.010693	0.68677	
5	0.010693	0.010693	0.096367	0.882248	
6	0.010579	0.010579	0.010579	0.968262	
7	0.010579	0.010579	0.010579	0.968262	
8	0.097713	0.286272	0.193102	0.422913	


Motif	P077687_1.95d
#	NUUUUUUN 10 109.56320906609747
Pos	A	C	G	U
1	0.29896	0.222472	0.208983	0.269585	
2	0.038695	0.038695	0.038695	0.883916	
3	0.008884	0.008884	0.008884	0.973348	
4	0.008884	0.008884	0.008884	0.973348	
5	0.008884	0.008884	0.008884	0.973348	
6	0.008884	0.008884	0.008884	0.973348	
7	0.021695	0.021695	0.021695	0.934916	
8	0.224569	0.311186	0.318991	0.145254	


Motif	P077693_1.95d
#	NGUGUGA 10 92.60325013642004
Pos	A	C	G	U
1	0.386796	0.073873	0.073873	0.465459	
2	0.01046	0.01046	0.96862	0.01046	
3	0.188152	0.01057	0.01057	0.790707	
4	0.01046	0.01046	0.96862	0.01046	
5	0.01046	0.01046	0.01046	0.96862	
6	0.01046	0.01046	0.96862	0.01046	
7	0.569216	0.076972	0.27684	0.076972	


Motif	P077701_1.95d
#	GAAAAAAN 10 99.44682042454748
Pos	A	C	G	U
1	0.14569	0.14569	0.562931	0.14569	
2	0.849412	0.050196	0.050196	0.050196	
3	0.970717	0.009761	0.009761	0.009761	
4	0.970717	0.009761	0.009761	0.009761	
5	0.970717	0.009761	0.009761	0.009761	
6	0.793453	0.094427	0.009956	0.102165	
7	0.769984	0.076672	0.076672	0.076672	
8	0.195384	0.292426	0.317409	0.19478	


Motif	P077704_1.95d
#	NNGUGUGN 10 92.88665875762885
Pos	A	C	G	U
1	0.149581	0.149581	0.456175	0.244663	
2	0.385481	0.07309	0.07309	0.46834	
3	0.010429	0.010429	0.968713	0.010429	
4	0.09692	0.010539	0.010539	0.882002	
5	0.010429	0.010429	0.968713	0.010429	
6	0.010429	0.010429	0.010429	0.968713	
7	0.023416	0.023416	0.929752	0.023416	
8	0.49743	0.100997	0.300577	0.100997	


Motif	P077706_1.95d
#	AAUUUUG 10 113.69081184148236
Pos	A	C	G	U
1	0.601459	0.071972	0.254596	0.071972	
2	0.610731	0.008719	0.192335	0.188216	
3	0.00857	0.00857	0.00857	0.974291	
4	0.00857	0.00857	0.00857	0.974291	
5	0.00857	0.00857	0.00857	0.974291	
6	0.00857	0.00857	0.00857	0.974291	
7	0.073308	0.073308	0.780075	0.073308	


Motif	P077715_1.95d
#	NAAUAAGN 10 112.28788940563696
Pos	A	C	G	U
1	0.220561	0.127212	0.435072	0.217154	
2	0.973978	0.008674	0.008674	0.008674	
3	0.973978	0.008674	0.008674	0.008674	
4	0.008674	0.008674	0.008674	0.973978	
5	0.973978	0.008674	0.008674	0.008674	
6	0.973978	0.008674	0.008674	0.008674	
7	0.308926	0.027255	0.636564	0.027255	
8	0.317331	0.229746	0.329323	0.1236	


Motif	P077716_1.95d
#	NNGUGUGN 10 93.1263546562801
Pos	A	C	G	U
1	0.149219	0.149219	0.456933	0.244629	
2	0.3844	0.072678	0.072678	0.470245	
3	0.010403	0.010403	0.968791	0.010403	
4	0.096645	0.010512	0.010512	0.882331	
5	0.010403	0.010403	0.968791	0.010403	
6	0.010403	0.010403	0.010403	0.968791	
7	0.023451	0.023451	0.929647	0.023451	
8	0.496371	0.101414	0.3008	0.101414	


Motif	P077719_1.95d
#	GAAAAAAN 10 100.12075455574693
Pos	A	C	G	U
1	0.144382	0.144382	0.566853	0.144382	
2	0.849625	0.050125	0.050125	0.050125	
3	0.970908	0.009697	0.009697	0.009697	
4	0.970908	0.009697	0.009697	0.009697	
5	0.970908	0.009697	0.009697	0.009697	
6	0.791383	0.095956	0.009889	0.102772	
7	0.765996	0.078001	0.078001	0.078001	
8	0.195931	0.292047	0.316973	0.195049	


Motif	P077724_1.95d
#	NUUUUUUU 10 90.17562503402793
Pos	A	C	G	U
1	0.247203	0.249925	0.250896	0.251976	
2	0.049039	0.049039	0.049039	0.852882	
3	0.010732	0.010732	0.010732	0.967803	
4	0.292028	0.010849	0.010849	0.686275	
5	0.010849	0.010849	0.097995	0.880307	
6	0.010732	0.010732	0.010732	0.967803	
7	0.010732	0.010732	0.010732	0.967803	
8	0.096959	0.288777	0.096959	0.517304	


Motif	P077726_1.95d
#	NUUUUUUU 10 89.4333253050624
Pos	A	C	G	U
1	0.246777	0.24905	0.25134	0.252833	
2	0.072383	0.072383	0.072383	0.782852	
3	0.024627	0.024627	0.024627	0.92612	
4	0.294894	0.010937	0.010937	0.683232	
5	0.010937	0.010937	0.099763	0.878363	
6	0.010819	0.010819	0.010819	0.967544	
7	0.010819	0.010819	0.010819	0.967544	
8	0.09681	0.09681	0.09681	0.709569	


Motif	P077730_1.95d
#	NUUUUUUN 10 90.07557658794373
Pos	A	C	G	U
1	0.246778	0.249752	0.250843	0.252627	
2	0.024324	0.024324	0.024324	0.927027	
3	0.010744	0.010744	0.010744	0.967768	
4	0.294554	0.010861	0.010861	0.683725	
5	0.010861	0.010861	0.099282	0.878997	
6	0.010744	0.010744	0.010744	0.967768	
7	0.010744	0.010744	0.010744	0.967768	
8	0.096939	0.287555	0.194274	0.421232	


Motif	P077732_1.95d
#	GAAAAAAN 10 100.56173256758014
Pos	A	C	G	U
1	0.145411	0.145411	0.563768	0.145411	
2	0.848506	0.050498	0.050498	0.050498	
3	0.971032	0.009656	0.009656	0.009656	
4	0.971032	0.009656	0.009656	0.009656	
5	0.971032	0.009656	0.009656	0.009656	
6	0.79474	0.094126	0.009846	0.101288	
7	0.768521	0.07716	0.07716	0.07716	
8	0.196196	0.293005	0.315854	0.194945	


Motif	P077734_1.95d
#	CGCGCGN 10 95.92797265001933
Pos	A	C	G	U
1	0.070737	0.557445	0.070737	0.301082	
2	0.048932	0.048932	0.853203	0.048932	
3	0.010108	0.969675	0.010108	0.010108	
4	0.010108	0.010108	0.969675	0.010108	
5	0.010108	0.969675	0.010108	0.010108	
6	0.010108	0.010108	0.969675	0.010108	
7	0.081735	0.38049	0.370149	0.167626	


Motif	P077739_1.95d
#	NAAUAAGN 10 112.1016475664419
Pos	A	C	G	U
1	0.220674	0.216099	0.436155	0.127071	
2	0.973936	0.008688	0.008688	0.008688	
3	0.973936	0.008688	0.008688	0.008688	
4	0.008688	0.008688	0.008688	0.973936	
5	0.973936	0.008688	0.008688	0.008688	
6	0.973936	0.008688	0.008688	0.008688	
7	0.331555	0.049872	0.5687	0.049872	
8	0.316845	0.229919	0.329504	0.123732	


Motif	P077742_1.95d
#	NUUUUUUN 10 109.5082159079913
Pos	A	C	G	U
1	0.298859	0.222367	0.209138	0.269636	
2	0.038678	0.038678	0.038678	0.883966	
3	0.008888	0.008888	0.008888	0.973335	
4	0.008888	0.008888	0.008888	0.973335	
5	0.008888	0.008888	0.008888	0.973335	
6	0.008888	0.008888	0.008888	0.973335	
7	0.021662	0.021662	0.021662	0.935014	
8	0.224654	0.311002	0.319079	0.145265	


Motif	P077747_1.95d
#	UANGUAGGA 10 94.16911134600178
Pos	A	C	G	U
1	0.144607	0.144607	0.144607	0.56618	
2	0.542956	0.121383	0.121383	0.214279	
3	0.361717	0.072237	0.49381	0.072237	
4	0.157398	0.049541	0.536157	0.256904	
5	0.010291	0.010291	0.010291	0.969126	
6	0.969126	0.010291	0.010291	0.010291	
7	0.023025	0.023025	0.930926	0.023025	
8	0.106251	0.106251	0.681246	0.106251	
9	0.524194	0.129338	0.21713	0.129338	


Motif	P077749_1.95d
#	GAUACUGNAU 10 103.42069907532486
Pos	A	C	G	U
1	0.10479	0.10479	0.685631	0.10479	
2	0.665252	0.084411	0.084411	0.165927	
3	0.084411	0.084411	0.084411	0.746768	
4	0.643407	0.062566	0.231461	0.062566	
5	0.019313	0.94206	0.019313	0.019313	
6	0.009397	0.009397	0.009397	0.97181	
7	0.155681	0.060079	0.635787	0.148454	
8	0.227007	0.146471	0.146471	0.480051	
9	0.500185	0.166605	0.166605	0.166605	
10	0.166605	0.166605	0.166605	0.500185	


Motif	P077756_1.95d
#	UUUUUUG 10 102.3915570460173
Pos	A	C	G	U
1	0.069841	0.069841	0.069841	0.790478	
2	0.009579	0.009579	0.173262	0.807579	
3	0.009579	0.009579	0.085244	0.895597	
4	0.009488	0.009488	0.009488	0.971535	
5	0.009579	0.009579	0.107287	0.873555	
6	0.025918	0.025918	0.025918	0.922246	
7	0.071614	0.071614	0.674675	0.182097	


Motif	P077760_1.95d
#	ANUUUUGN 10 95.75626004732905
Pos	A	C	G	U
1	0.519276	0.095673	0.095673	0.289379	
2	0.406724	0.010335	0.093739	0.489201	
3	0.010126	0.010126	0.010126	0.969622	
4	0.010126	0.010126	0.010126	0.969622	
5	0.010126	0.010126	0.010126	0.969622	
6	0.010126	0.010126	0.010126	0.969622	
7	0.075822	0.075822	0.772535	0.075822	
8	0.345983	0.155158	0.343701	0.155158	


Motif	P077769_1.95d
#	GAAAAAAN 10 100.42230737560506
Pos	A	C	G	U
1	0.145301	0.145301	0.564097	0.145301	
2	0.84838	0.05054	0.05054	0.05054	
3	0.970993	0.009669	0.009669	0.009669	
4	0.970993	0.009669	0.009669	0.009669	
5	0.970993	0.009669	0.009669	0.009669	
6	0.794303	0.09446	0.00986	0.101378	
7	0.768232	0.077256	0.077256	0.077256	
8	0.196005	0.293216	0.315806	0.194973	


Motif	P077776_1.95d
#	GAAGNAN 10 77.93576377413098
Pos	A	C	G	U
1	0.024238	0.024238	0.927285	0.024238	
2	0.775815	0.01251	0.01251	0.199165	
3	0.962934	0.012355	0.012355	0.012355	
4	0.012669	0.102565	0.790747	0.09402	
5	0.48974	0.012669	0.304701	0.192891	
6	0.613558	0.012669	0.187592	0.186181	
7	0.361124	0.080446	0.477984	0.080446	


Motif	P077777_1.95d
#	NGUGUGA 10 91.74620829693022
Pos	A	C	G	U
1	0.392365	0.075697	0.169101	0.362836	
2	0.010555	0.010555	0.968336	0.010555	
3	0.19047	0.010667	0.010667	0.788196	
4	0.010555	0.010555	0.968336	0.010555	
5	0.010555	0.010555	0.010555	0.968336	
6	0.010555	0.010555	0.968336	0.010555	
7	0.575039	0.075286	0.274388	0.075286	


Motif	P077780_1.95d
#	NUGUGUGN 10 93.2138819015558
Pos	A	C	G	U
1	0.148999	0.148999	0.456799	0.245203	
2	0.359843	0.048882	0.048882	0.542393	
3	0.010394	0.010394	0.968819	0.010394	
4	0.096393	0.010503	0.010503	0.882602	
5	0.010394	0.010394	0.968819	0.010394	
6	0.010394	0.010394	0.010394	0.968819	
7	0.023387	0.023387	0.929838	0.023387	
8	0.402028	0.101622	0.300779	0.195571	


Motif	P077795_1.95d
#	NNUUGGAGU 10 94.28506028563716
Pos	A	C	G	U
1	0.265216	0.156185	0.156185	0.422414	
2	0.110363	0.110363	0.312897	0.466378	
3	0.379946	0.055302	0.055302	0.50945	
4	0.010279	0.010279	0.010279	0.969163	
5	0.044457	0.044457	0.86663	0.044457	
6	0.067695	0.067695	0.796916	0.067695	
7	0.796916	0.067695	0.067695	0.067695	
8	0.19052	0.095418	0.618644	0.095418	
9	0.142024	0.142024	0.142024	0.573929	


Motif	P077804_1.95d
#	GAAAAAAN 10 98.14598988708599
Pos	A	C	G	U
1	0.21402	0.12436	0.537261	0.12436	
2	0.847819	0.050727	0.050727	0.050727	
3	0.97034	0.009887	0.009887	0.009887	
4	0.97034	0.009887	0.009887	0.009887	
5	0.97034	0.009887	0.009887	0.009887	
6	0.797817	0.094436	0.010086	0.097661	
7	0.773139	0.07562	0.07562	0.07562	
8	0.125976	0.317503	0.339181	0.217341	


Motif	P077813_1.95d
#	UUGCACA 10 108.4877867358419
Pos	A	C	G	U
1	0.246299	0.063927	0.063927	0.625847	
2	0.254974	0.009051	0.009051	0.726924	
3	0.00897	0.00897	0.973091	0.00897	
4	0.00897	0.973091	0.00897	0.00897	
5	0.973091	0.00897	0.00897	0.00897	
6	0.00897	0.973091	0.00897	0.00897	
7	0.715311	0.059231	0.166226	0.059231	


Motif	P077815_1.95d
#	UAGGUAGGA 10 92.98910085272836
Pos	A	C	G	U
1	0.123531	0.123531	0.123531	0.629408	
2	0.606037	0.10016	0.10016	0.193643	
3	0.346211	0.049304	0.555181	0.049304	
4	0.134041	0.026585	0.601903	0.23747	
5	0.010418	0.010418	0.010418	0.968746	
6	0.968746	0.010418	0.010418	0.010418	
7	0.044275	0.044275	0.867174	0.044275	
8	0.12701	0.12701	0.618969	0.12701	
9	0.549164	0.150279	0.150279	0.150279	


Motif	P077818_1.95d
#	GAAAAAAN 10 100.85243933995866
Pos	A	C	G	U
1	0.144649	0.144649	0.566053	0.144649	
2	0.849126	0.050291	0.050291	0.050291	
3	0.971113	0.009629	0.009629	0.009629	
4	0.971113	0.009629	0.009629	0.009629	
5	0.971113	0.009629	0.009629	0.009629	
6	0.79427	0.094631	0.009818	0.101281	
7	0.76751	0.077497	0.077497	0.077497	
8	0.196552	0.290072	0.318278	0.195099	


Motif	P077819_1.95d
#	AGAAGGAN 10 75.85840773297826
Pos	A	C	G	U
1	0.601777	0.100584	0.197055	0.100584	
2	0.012681	0.012681	0.961957	0.012681	
3	0.774304	0.012844	0.012844	0.200008	
4	0.591473	0.012844	0.012844	0.382839	
5	0.097	0.200818	0.598803	0.103379	
6	0.094506	0.012844	0.879807	0.012844	
7	0.578118	0.073834	0.274213	0.073834	
8	0.44971	0.151147	0.247996	0.151147	


Motif	P077822_1.95d
#	UUUUUUG 10 94.64204627520535
Pos	A	C	G	U
1	0.047541	0.047541	0.047541	0.857377	
2	0.010241	0.010241	0.010241	0.969276	
3	0.010241	0.010241	0.010241	0.969276	
4	0.010241	0.010241	0.010241	0.969276	
5	0.010241	0.010241	0.010241	0.969276	
6	0.094018	0.098382	0.010456	0.797144	
7	0.073213	0.169417	0.568836	0.188534	


Motif	P077830_1.95d
#	NAGCACAN 10 91.07683520683003
Pos	A	C	G	U
1	0.29008	0.094396	0.302136	0.313388	
2	0.571676	0.010744	0.010744	0.406837	
3	0.01063	0.01063	0.968111	0.01063	
4	0.01063	0.968111	0.01063	0.01063	
5	0.968111	0.01063	0.01063	0.01063	
6	0.01063	0.968111	0.01063	0.01063	
7	0.846449	0.051184	0.051184	0.051184	
8	0.344083	0.253707	0.246558	0.155652	


Motif	P077842_1.95d
#	AGAAGGAN 10 85.82061935864283
Pos	A	C	G	U
1	0.640531	0.119823	0.119823	0.119823	
2	0.072046	0.072046	0.783861	0.072046	
3	0.756545	0.046308	0.150839	0.046308	
4	0.522431	0.023206	0.023206	0.431156	
5	0.011387	0.10215	0.875076	0.011387	
6	0.011259	0.011259	0.966224	0.011259	
7	0.862102	0.045966	0.045966	0.045966	
8	0.232653	0.233483	0.132683	0.401181	


Motif	P077846_1.95d
#	NGACGANN 10 88.64386440960003
Pos	A	C	G	U
1	0.321213	0.334983	0.215847	0.127957	
2	0.169872	0.081982	0.666164	0.081982	
3	0.909721	0.030093	0.030093	0.030093	
4	0.011032	0.882874	0.011032	0.095062	
5	0.010912	0.010912	0.967265	0.010912	
6	0.967265	0.010912	0.010912	0.010912	
7	0.370283	0.075762	0.295571	0.258383	
8	0.125408	0.434805	0.314379	0.125408	


Motif	P077850_1.95d
#	NUGUGUGN 10 93.29483123713518
Pos	A	C	G	U
1	0.148911	0.148911	0.45755	0.244628	
2	0.360537	0.048863	0.048863	0.541738	
3	0.010385	0.010385	0.968846	0.010385	
4	0.096451	0.010494	0.010494	0.882561	
5	0.010385	0.010385	0.968846	0.010385	
6	0.010385	0.010385	0.010385	0.968846	
7	0.023587	0.023587	0.929238	0.023587	
8	0.401678	0.101756	0.300805	0.195762	


Motif	P077853_1.95d
#	UUGCACA 10 99.62427841617563
Pos	A	C	G	U
1	0.256805	0.066799	0.066799	0.609596	
2	0.360271	0.00984	0.00984	0.620048	
3	0.009744	0.009744	0.970767	0.009744	
4	0.009744	0.970767	0.009744	0.009744	
5	0.970767	0.009744	0.009744	0.009744	
6	0.009744	0.970767	0.009744	0.009744	
7	0.729399	0.055161	0.16028	0.055161	


Motif	P077854_1.95d
#	NAACCUUN 10 86.96252243863796
Pos	A	C	G	U
1	0.377218	0.235666	0.149264	0.237852	
2	0.745809	0.15663	0.048781	0.048781	
3	0.966653	0.011116	0.011116	0.011116	
4	0.026962	0.919113	0.026962	0.026962	
5	0.026962	0.652836	0.026962	0.293239	
6	0.026962	0.026962	0.026962	0.919113	
7	0.148686	0.049236	0.049236	0.752842	
8	0.200763	0.186999	0.200128	0.41211	


Motif	P077860_1.95d
#	NAACUACG 10 95.00084552878472
Pos	A	C	G	U
1	0.127303	0.429427	0.315967	0.127303	
2	0.859854	0.046715	0.046715	0.046715	
3	0.969388	0.010204	0.010204	0.010204	
4	0.010204	0.969388	0.010204	0.010204	
5	0.010204	0.010204	0.010204	0.969388	
6	0.969388	0.010204	0.010204	0.010204	
7	0.263354	0.546498	0.047488	0.142659	
8	0.122836	0.122836	0.540037	0.214291	


Motif	P077864_1.95d
#	UAGGUAGGA 10 92.41401309691703
Pos	A	C	G	U
1	0.123937	0.123937	0.123937	0.628188	
2	0.604847	0.100596	0.100596	0.19396	
3	0.348771	0.048993	0.553243	0.048993	
4	0.133593	0.026326	0.601467	0.238614	
5	0.010481	0.010481	0.010481	0.968558	
6	0.968558	0.010481	0.010481	0.010481	
7	0.044049	0.044049	0.867852	0.044049	
8	0.126602	0.126602	0.620193	0.126602	
9	0.550475	0.149842	0.149842	0.149842	


Motif	P077875_1.95d
#	UANGUAGGA 10 94.65140094652017
Pos	A	C	G	U
1	0.145265	0.145265	0.145265	0.564204	
2	0.540607	0.121668	0.121668	0.216056	
3	0.359316	0.073915	0.492854	0.073915	
4	0.155862	0.050633	0.542989	0.250515	
5	0.010241	0.010241	0.010241	0.969278	
6	0.969278	0.010241	0.010241	0.010241	
7	0.022665	0.022665	0.932004	0.022665	
8	0.106069	0.106069	0.681794	0.106069	
9	0.521617	0.129449	0.219485	0.129449	


Motif	P077880_1.95d
#	NUUUUUUN 10 109.38756708765878
Pos	A	C	G	U
1	0.299079	0.222752	0.208928	0.269241	
2	0.038801	0.038801	0.038801	0.883598	
3	0.008898	0.008898	0.008898	0.973307	
4	0.008898	0.008898	0.008898	0.973307	
5	0.008898	0.008898	0.008898	0.973307	
6	0.008898	0.008898	0.008898	0.973307	
7	0.021719	0.021719	0.021719	0.934842	
8	0.224398	0.311417	0.3191	0.145085	


Motif	P077881_1.95d
#	NAAUAAGN 10 112.11113630620048
Pos	A	C	G	U
1	0.220679	0.21614	0.436088	0.127093	
2	0.973938	0.008687	0.008687	0.008687	
3	0.973938	0.008687	0.008687	0.008687	
4	0.008687	0.008687	0.008687	0.973938	
5	0.973938	0.008687	0.008687	0.008687	
6	0.973938	0.008687	0.008687	0.008687	
7	0.331561	0.04986	0.568719	0.04986	
8	0.316893	0.229902	0.329493	0.123712	


Motif	P077882_1.95d
#	UUUUGUG 10 92.25666255393647
Pos	A	C	G	U
1	0.271865	0.072031	0.072031	0.584073	
2	0.010609	0.010609	0.088584	0.890198	
3	0.388093	0.010723	0.095003	0.506181	
4	0.010498	0.010498	0.010498	0.968506	
5	0.010609	0.010609	0.598089	0.380692	
6	0.010498	0.010498	0.010498	0.968506	
7	0.010498	0.010498	0.968506	0.010498	


Motif	P077891_1.95d
#	NUUUUUUU 10 90.06833374232025
Pos	A	C	G	U
1	0.24716	0.249491	0.251171	0.252178	
2	0.049161	0.049161	0.049161	0.852517	
3	0.010745	0.010745	0.010745	0.967766	
4	0.292503	0.010861	0.010861	0.685774	
5	0.010861	0.010861	0.098449	0.879828	
6	0.010745	0.010745	0.010745	0.967766	
7	0.010745	0.010745	0.010745	0.967766	
8	0.096823	0.288536	0.096823	0.517817	


Motif	P077892_1.95d
#	NGGGANGG 10 92.21580220095329
Pos	A	C	G	U
1	0.145807	0.145807	0.46929	0.239097	
2	0.054066	0.054066	0.837801	0.054066	
3	0.010502	0.010502	0.968493	0.010502	
4	0.010502	0.010502	0.968493	0.010502	
5	0.940032	0.019989	0.019989	0.019989	
6	0.21032	0.040689	0.384654	0.364337	
7	0.06109	0.06109	0.81673	0.06109	
8	0.10604	0.10604	0.68188	0.10604	


Motif	P077916_1.95d
#	ANUUUUGN 10 98.00661423659277
Pos	A	C	G	U
1	0.615011	0.095872	0.095872	0.193246	
2	0.41385	0.0101	0.185353	0.390697	
3	0.0099	0.0099	0.0099	0.970299	
4	0.0099	0.0099	0.0099	0.970299	
5	0.0099	0.0099	0.0099	0.970299	
6	0.0099	0.0099	0.0099	0.970299	
7	0.05285	0.05285	0.841451	0.05285	
8	0.348729	0.154654	0.341962	0.154654	


Motif	P077921_1.95d
#	NAAUCCAN 10 100.283876141773
Pos	A	C	G	U
1	0.314561	0.400834	0.099103	0.185501	
2	0.623034	0.357413	0.009777	0.009777	
3	0.970954	0.009682	0.009682	0.009682	
4	0.009682	0.009682	0.009682	0.970954	
5	0.009682	0.970954	0.009682	0.009682	
6	0.009682	0.970954	0.009682	0.009682	
7	0.8417	0.052767	0.052767	0.052767	
8	0.364859	0.152488	0.330166	0.152488	


Motif	P077926_1.95d
#	NAAUAAGN 10 112.21837942520422
Pos	A	C	G	U
1	0.220627	0.12719	0.435452	0.216732	
2	0.973962	0.008679	0.008679	0.008679	
3	0.973962	0.008679	0.008679	0.008679	
4	0.008679	0.008679	0.008679	0.973962	
5	0.973962	0.008679	0.008679	0.008679	
6	0.973962	0.008679	0.008679	0.008679	
7	0.309038	0.027322	0.636319	0.027322	
8	0.3172	0.229793	0.329387	0.12362	


Motif	P077929_1.95d
#	NGGAGGAN 10 104.54761878745401
Pos	A	C	G	U
1	0.246623	0.348751	0.15189	0.252735	
2	0.050946	0.050946	0.847161	0.050946	
3	0.009298	0.009298	0.972105	0.009298	
4	0.877194	0.009385	0.104035	0.009385	
5	0.009385	0.009385	0.895394	0.085835	
6	0.009298	0.009298	0.972105	0.009298	
7	0.84501	0.022504	0.109981	0.022504	
8	0.27193	0.187087	0.437653	0.10333	


Motif	P077939_1.95d
#	GAUCAAG 10 95.2345218629888
Pos	A	C	G	U
1	0.26343	0.075037	0.586497	0.075037	
2	0.884542	0.010284	0.010284	0.094889	
3	0.01018	0.01018	0.01018	0.969461	
4	0.01018	0.969461	0.01018	0.01018	
5	0.969461	0.01018	0.01018	0.01018	
6	0.727557	0.084845	0.010391	0.177207	
7	0.14068	0.049978	0.759364	0.049978	


Motif	P077941_1.95d
#	ANUGGAA 10 94.88765602741887
Pos	A	C	G	U
1	0.57974	0.070871	0.278518	0.070871	
2	0.230137	0.022491	0.44028	0.307092	
3	0.010216	0.010216	0.010216	0.969353	
4	0.010216	0.010216	0.969353	0.010216	
5	0.010216	0.010216	0.969353	0.010216	
6	0.969353	0.010216	0.010216	0.010216	
7	0.679188	0.074019	0.074019	0.172775	


Motif	P077944_1.95d
#	UUUUUCGN 10 94.42723923289243
Pos	A	C	G	U
1	0.18969	0.197064	0.101075	0.512171	
2	0.115296	0.021534	0.021534	0.841637	
3	0.010264	0.010264	0.010264	0.969208	
4	0.010264	0.010264	0.010264	0.969208	
5	0.010264	0.010264	0.010264	0.969208	
6	0.021163	0.936511	0.021163	0.021163	
7	0.161376	0.071021	0.696583	0.071021	
8	0.245611	0.151849	0.33524	0.2673	


Motif	P077950_1.95d
#	AGAACNN 10 82.75578556397949
Pos	A	C	G	U
1	0.66822	0.047429	0.143579	0.140772	
2	0.093881	0.011799	0.882522	0.011799	
3	0.611817	0.011939	0.186084	0.19016	
4	0.931518	0.022827	0.022827	0.022827	
5	0.069911	0.59367	0.166219	0.170201	
6	0.38119	0.069911	0.478988	0.069911	
7	0.491245	0.069911	0.368933	0.069911	


Motif	P077953_1.95d
#	NNGUGUGN 10 92.47645750845422
Pos	A	C	G	U
1	0.150278	0.150278	0.454652	0.244792	
2	0.387635	0.073845	0.073845	0.464674	
3	0.010474	0.010474	0.968579	0.010474	
4	0.097683	0.010585	0.010585	0.881148	
5	0.010474	0.010474	0.968579	0.010474	
6	0.010474	0.010474	0.010474	0.968579	
7	0.023321	0.023321	0.930037	0.023321	
8	0.499766	0.100193	0.299849	0.100193	


Motif	P077956_1.95d
#	AGAAGANN 10 96.61281748193709
Pos	A	C	G	U
1	0.616792	0.127736	0.127736	0.127736	
2	0.010039	0.010039	0.969883	0.010039	
3	0.969883	0.010039	0.010039	0.010039	
4	0.969883	0.010039	0.010039	0.010039	
5	0.010039	0.010039	0.969883	0.010039	
6	0.969883	0.010039	0.010039	0.010039	
7	0.25103	0.375867	0.045791	0.327312	
8	0.330687	0.122763	0.423787	0.122763	


Motif	P077962_1.95d
#	UUUUUUG 10 93.8494479492966
Pos	A	C	G	U
1	0.04751	0.04751	0.04751	0.857469	
2	0.010325	0.010325	0.010325	0.969024	
3	0.010325	0.010325	0.010325	0.969024	
4	0.010325	0.010325	0.010325	0.969024	
5	0.010325	0.010325	0.010325	0.969024	
6	0.093261	0.098639	0.010543	0.797556	
7	0.07332	0.169659	0.56906	0.187961	


Motif	P077973_1.95d
#	NGACGANN 10 88.64386440960003
Pos	A	C	G	U
1	0.321213	0.334983	0.215847	0.127957	
2	0.169872	0.081982	0.666164	0.081982	
3	0.909721	0.030093	0.030093	0.030093	
4	0.011032	0.882874	0.011032	0.095062	
5	0.010912	0.010912	0.967265	0.010912	
6	0.967265	0.010912	0.010912	0.010912	
7	0.370283	0.075762	0.295571	0.258383	
8	0.125408	0.434805	0.314379	0.125408	


Motif	P077981_1.95d
#	AGACACA 10 116.0355703136459
Pos	A	C	G	U
1	0.938138	0.020621	0.020621	0.020621	
2	0.388036	0.020621	0.570723	0.020621	
3	0.974797	0.008401	0.008401	0.008401	
4	0.092543	0.890513	0.008472	0.008472	
5	0.974797	0.008401	0.008401	0.008401	
6	0.008472	0.606697	0.376359	0.008472	
7	0.674015	0.04267	0.04267	0.240644	


Motif	P077990_1.95d
#	NGGAGGAN 10 102.62178790737494
Pos	A	C	G	U
1	0.205883	0.29435	0.290436	0.209331	
2	0.04688	0.04688	0.859361	0.04688	
3	0.182017	0.009558	0.798867	0.009558	
4	0.714979	0.08839	0.099457	0.097174	
5	0.009468	0.009468	0.971597	0.009468	
6	0.009468	0.009468	0.971597	0.009468	
7	0.934024	0.021992	0.021992	0.021992	
8	0.148512	0.239642	0.463334	0.148512	


Motif	P077991_1.95d
#	NNUUGUGN 10 97.09585954977481
Pos	A	C	G	U
1	0.092449	0.092449	0.40832	0.406782	
2	0.047926	0.047926	0.451025	0.453124	
3	0.024613	0.024613	0.024613	0.926161	
4	0.010091	0.010091	0.173115	0.806703	
5	0.00999	0.00999	0.970029	0.00999	
6	0.023645	0.023645	0.023645	0.929064	
7	0.083122	0.083122	0.750633	0.083122	
8	0.157562	0.157562	0.246879	0.437996	


Motif	P077994_1.95d
#	UGGAGNG 10 96.18771264004826
Pos	A	C	G	U
1	0.010082	0.010082	0.010082	0.969754	
2	0.010082	0.010082	0.969754	0.010082	
3	0.010082	0.010082	0.969754	0.010082	
4	0.520829	0.010289	0.084855	0.384026	
5	0.083991	0.010185	0.89564	0.010185	
6	0.280188	0.280403	0.010289	0.429119	
7	0.010185	0.010185	0.518946	0.460685	


Motif	P077997_1.95d
#	NAAUAAGN 10 112.14216782426487
Pos	A	C	G	U
1	0.220647	0.12733	0.434374	0.217649	
2	0.973945	0.008685	0.008685	0.008685	
3	0.973945	0.008685	0.008685	0.008685	
4	0.008685	0.008685	0.008685	0.973945	
5	0.973945	0.008685	0.008685	0.008685	
6	0.973945	0.008685	0.008685	0.008685	
7	0.309097	0.027139	0.636625	0.027139	
8	0.317694	0.229572	0.329248	0.123486	


Motif	P078000_1.95d
#	NCAAGCAN 10 93.68602138460882
Pos	A	C	G	U
1	0.303439	0.495989	0.100286	0.100286	
2	0.423901	0.530232	0.022933	0.022933	
3	0.782996	0.010451	0.010451	0.196102	
4	0.594022	0.091841	0.010561	0.303576	
5	0.010343	0.010343	0.968972	0.010343	
6	0.010343	0.968972	0.010343	0.010343	
7	0.968972	0.010343	0.010343	0.010343	
8	0.353419	0.243439	0.151706	0.251436	


Motif	P078010_1.95d
#	UAGGUAGGA 10 93.59688270908272
Pos	A	C	G	U
1	0.123277	0.123277	0.123277	0.630168	
2	0.60669	0.099799	0.099799	0.193712	
3	0.344021	0.049696	0.556587	0.049696	
4	0.134384	0.026832	0.602888	0.235896	
5	0.010352	0.010352	0.010352	0.968943	
6	0.968943	0.010352	0.010352	0.010352	
7	0.044083	0.044083	0.867752	0.044083	
8	0.127298	0.127298	0.618105	0.127298	
9	0.548	0.150667	0.150667	0.150667	


Motif	P078026_1.95d
#	GNNNAGAACNA 10 82.1111416605302
Pos	A	C	G	U
1	0.155278	0.155278	0.534166	0.155278	
2	0.442302	0.155278	0.247142	0.155278	
3	0.247142	0.155278	0.155278	0.442302	
4	0.350261	0.155278	0.155278	0.339183	
5	0.56864	0.14732	0.236509	0.047532	
6	0.011749	0.011749	0.964752	0.011749	
7	0.880719	0.011889	0.011889	0.095502	
8	0.714112	0.095296	0.095296	0.095296	
9	0.095296	0.516009	0.193125	0.19557	
10	0.310864	0.095296	0.498544	0.095296	
11	0.5075	0.095296	0.301908	0.095296	


Motif	P078036_1.95d
#	UAGGUAGGA 10 92.74316414379663
Pos	A	C	G	U
1	0.124092	0.124092	0.124092	0.627725	
2	0.604399	0.100765	0.100765	0.19407	
3	0.348704	0.049221	0.552855	0.049221	
4	0.13335	0.026461	0.602004	0.238185	
5	0.010445	0.010445	0.010445	0.968666	
6	0.968666	0.010445	0.010445	0.010445	
7	0.043932	0.043932	0.868204	0.043932	
8	0.126495	0.126495	0.620516	0.126495	
9	0.550868	0.149711	0.149711	0.149711	


Motif	P078038_1.95d
#	NUUUUUUN 10 90.78867341711388
Pos	A	C	G	U
1	0.247133	0.251279	0.249354	0.252233	
2	0.024011	0.024011	0.024011	0.927966	
3	0.010662	0.010662	0.010662	0.968013	
4	0.293767	0.010777	0.010777	0.684679	
5	0.010777	0.010777	0.097937	0.880508	
6	0.010662	0.010662	0.010662	0.968013	
7	0.010662	0.010662	0.010662	0.968013	
8	0.097427	0.286654	0.193146	0.422773	


Motif	P078039_1.95d
#	GAAAAAAN 10 99.24592779697137
Pos	A	C	G	U
1	0.146341	0.146341	0.560978	0.146341	
2	0.849536	0.050155	0.050155	0.050155	
3	0.970659	0.00978	0.00978	0.00978	
4	0.970659	0.00978	0.00978	0.00978	
5	0.970659	0.00978	0.00978	0.00978	
6	0.795296	0.09333	0.009975	0.101398	
7	0.772194	0.075935	0.075935	0.075935	
8	0.195087	0.292931	0.317021	0.194961	


Motif	P078046_1.95d
#	UUUUUUG 10 102.01233909550734
Pos	A	C	G	U
1	0.069757	0.069757	0.069757	0.790729	
2	0.009614	0.009614	0.173649	0.807122	
3	0.009614	0.009614	0.085578	0.895193	
4	0.009523	0.009523	0.009523	0.971432	
5	0.009614	0.009614	0.106786	0.873986	
6	0.025982	0.025982	0.025982	0.922054	
7	0.071859	0.071859	0.673424	0.182858	


Motif	P078050_1.95d
#	NGAGUGAN 10 100.6924987482258
Pos	A	C	G	U
1	0.428552	0.12812	0.223295	0.220033	
2	0.026152	0.026152	0.921545	0.026152	
3	0.921545	0.026152	0.026152	0.026152	
4	0.009644	0.009644	0.971068	0.009644	
5	0.098089	0.009738	0.009738	0.882435	
6	0.088114	0.009738	0.892411	0.009738	
7	0.762931	0.048193	0.048193	0.140683	
8	0.341403	0.123526	0.411545	0.123526	


Motif	P078056_1.95d
#	GCGCGCNG 10 96.87115293038053
Pos	A	C	G	U
1	0.184801	0.093935	0.539459	0.181805	
2	0.010013	0.969961	0.010013	0.010013	
3	0.010013	0.010013	0.969961	0.010013	
4	0.010013	0.969961	0.010013	0.010013	
5	0.010013	0.010013	0.969961	0.010013	
6	0.030322	0.813732	0.125624	0.030322	
7	0.172473	0.178599	0.478414	0.170514	
8	0.156268	0.156268	0.531197	0.156268	


Motif	P078070_1.95d
#	AAUUUUGN 10 117.96364469804749
Pos	A	C	G	U
1	0.621313	0.091705	0.195277	0.091705	
2	0.610954	0.008406	0.193635	0.187005	
3	0.008267	0.008267	0.008267	0.975199	
4	0.008267	0.008267	0.008267	0.975199	
5	0.008267	0.008267	0.008267	0.975199	
6	0.008267	0.008267	0.008267	0.975199	
7	0.052977	0.052977	0.841068	0.052977	
8	0.350282	0.158908	0.252575	0.238236	


Motif	P078076_1.95d
#	NAAAAAGA 10 98.48035798913784
Pos	A	C	G	U
1	0.437779	0.126951	0.308319	0.126951	
2	0.591224	0.073693	0.261391	0.073693	
3	0.970438	0.009854	0.009854	0.009854	
4	0.891552	0.009952	0.088544	0.009952	
5	0.970438	0.009854	0.009854	0.009854	
6	0.970438	0.009854	0.009854	0.009854	
7	0.049446	0.049446	0.851663	0.049446	
8	0.629023	0.123659	0.123659	0.123659	


Motif	P078086_1.95d
#	NNUUUUUNC 10 96.65528705197463
Pos	A	C	G	U
1	0.24203	0.339649	0.1518	0.266521	
2	0.286	0.107181	0.107181	0.499638	
3	0.060168	0.060168	0.060168	0.819497	
4	0.010035	0.010035	0.010035	0.969896	
5	0.010035	0.010035	0.010035	0.969896	
6	0.010035	0.010035	0.010035	0.969896	
7	0.010035	0.010035	0.010035	0.969896	
8	0.324703	0.475741	0.099778	0.099778	
9	0.145114	0.564657	0.145114	0.145114	


Motif	P078098_1.95d
#	NUUUUUUN 10 90.57293512212806
Pos	A	C	G	U
1	0.247248	0.250749	0.249501	0.252502	
2	0.02415	0.02415	0.02415	0.927551	
3	0.010687	0.010687	0.010687	0.967939	
4	0.293909	0.010802	0.010802	0.684487	
5	0.010802	0.010802	0.097918	0.880477	
6	0.010687	0.010687	0.010687	0.967939	
7	0.010687	0.010687	0.010687	0.967939	
8	0.097292	0.287324	0.193729	0.421655	


Motif	P078103_1.95d
#	NAAUAAGN 10 112.1999660849325
Pos	A	C	G	U
1	0.220694	0.127218	0.435056	0.217032	
2	0.973958	0.008681	0.008681	0.008681	
3	0.973958	0.008681	0.008681	0.008681	
4	0.008681	0.008681	0.008681	0.973958	
5	0.973958	0.008681	0.008681	0.008681	
6	0.973958	0.008681	0.008681	0.008681	
7	0.309234	0.027262	0.636242	0.027262	
8	0.317499	0.22971	0.329212	0.12358	


Motif	P078132_1.95d
#	UAGGUAGGA 10 92.42478758029911
Pos	A	C	G	U
1	0.123975	0.123975	0.123975	0.628074	
2	0.60477	0.100671	0.100671	0.193888	
3	0.349119	0.048927	0.553026	0.048927	
4	0.133361	0.026337	0.601207	0.239096	
5	0.010479	0.010479	0.010479	0.968562	
6	0.968562	0.010479	0.010479	0.010479	
7	0.044277	0.044277	0.867168	0.044277	
8	0.126555	0.126555	0.620335	0.126555	
9	0.550722	0.149759	0.149759	0.149759	


Motif	P078135_1.95d
#	GAUAGAANNN 10 80.58210462778311
Pos	A	C	G	U
1	0.132032	0.132032	0.603905	0.132032	
2	0.603905	0.132032	0.132032	0.132032	
3	0.132032	0.132032	0.132032	0.603905	
4	0.831747	0.025277	0.025277	0.117699	
5	0.012109	0.096058	0.879724	0.012109	
6	0.601586	0.012258	0.285773	0.100383	
7	0.929048	0.023651	0.023651	0.023651	
8	0.119108	0.439941	0.220736	0.220214	
9	0.325971	0.119108	0.435813	0.119108	
10	0.439016	0.119108	0.322768	0.119108	


Motif	P078137_1.95d
#	NAAAAAGA 10 98.6508890231186
Pos	A	C	G	U
1	0.438317	0.126212	0.309258	0.126212	
2	0.593707	0.073092	0.260108	0.073092	
3	0.970487	0.009838	0.009838	0.009838	
4	0.892994	0.009935	0.087136	0.009935	
5	0.970487	0.009838	0.009838	0.009838	
6	0.970487	0.009838	0.009838	0.009838	
7	0.049927	0.049927	0.850218	0.049927	
8	0.626889	0.12437	0.12437	0.12437	


Motif	P078147_1.95d
#	NAACCUUN 10 86.27148419198474
Pos	A	C	G	U
1	0.268657	0.340568	0.149961	0.240814	
2	0.743609	0.050319	0.155753	0.050319	
3	0.966395	0.011202	0.011202	0.011202	
4	0.011202	0.966395	0.011202	0.011202	
5	0.104226	0.609756	0.011458	0.27456	
6	0.026358	0.026358	0.026358	0.920925	
7	0.143402	0.049157	0.049157	0.758283	
8	0.194661	0.191233	0.197045	0.41706	


Motif	P078156_1.95d
#	NAGUACAN 10 107.10869268099724
Pos	A	C	G	U
1	0.4362	0.311946	0.125927	0.125927	
2	0.762759	0.146487	0.045377	0.045377	
3	0.009082	0.009082	0.972754	0.009082	
4	0.009082	0.009082	0.009082	0.972754	
5	0.972754	0.009082	0.009082	0.009082	
6	0.009082	0.972754	0.009082	0.009082	
7	0.864803	0.045066	0.045066	0.045066	
8	0.428022	0.12443	0.228685	0.218862	


Motif	P078157_1.95d
#	UUUUUUU 10 92.16530444375124
Pos	A	C	G	U
1	0.071369	0.172045	0.071369	0.685216	
2	0.010508	0.010508	0.010508	0.968476	
3	0.192034	0.01062	0.01062	0.786727	
4	0.097269	0.010734	0.095676	0.796321	
5	0.010508	0.010508	0.010508	0.968476	
6	0.010508	0.010508	0.010508	0.968476	
7	0.048034	0.142991	0.048034	0.76094	


Motif	P078158_1.95d
#	UAGGUAGGA 10 92.5745687533583
Pos	A	C	G	U
1	0.124072	0.124072	0.124072	0.627783	
2	0.604442	0.100732	0.100732	0.194093	
3	0.349095	0.049065	0.552775	0.049065	
4	0.133254	0.02636	0.601899	0.238488	
5	0.010463	0.010463	0.010463	0.968611	
6	0.968611	0.010463	0.010463	0.010463	
7	0.044039	0.044039	0.867883	0.044039	
8	0.126497	0.126497	0.620508	0.126497	
9	0.550809	0.14973	0.14973	0.14973	


Motif	P078178_1.95d
#	GCGCGCNG 10 96.87445671879983
Pos	A	C	G	U
1	0.184684	0.093911	0.539618	0.181787	
2	0.010013	0.969962	0.010013	0.010013	
3	0.010013	0.010013	0.969962	0.010013	
4	0.010013	0.969962	0.010013	0.010013	
5	0.010013	0.010013	0.969962	0.010013	
6	0.030378	0.813518	0.125725	0.030378	
7	0.172459	0.178688	0.478418	0.170435	
8	0.156315	0.156315	0.531056	0.156315	


Motif	P078185_1.95d
#	GAAGAAGN 10 79.94484931014603
Pos	A	C	G	U
1	0.147158	0.147158	0.558527	0.147158	
2	0.84347	0.052177	0.052177	0.052177	
3	0.928626	0.023791	0.023791	0.023791	
4	0.012056	0.012056	0.963831	0.012056	
5	0.576542	0.012203	0.012203	0.399051	
6	0.883833	0.012203	0.012203	0.091761	
7	0.02505	0.02505	0.92485	0.02505	
8	0.389911	0.104483	0.401123	0.104483	


Motif	P078187_1.95d
#	AAUUUUG 10 109.81736840734666
Pos	A	C	G	U
1	0.601731	0.072242	0.253786	0.072242	
2	0.608379	0.009024	0.19104	0.191557	
3	0.008864	0.008864	0.008864	0.973408	
4	0.008864	0.008864	0.008864	0.973408	
5	0.008864	0.008864	0.008864	0.973408	
6	0.008864	0.008864	0.008864	0.973408	
7	0.073661	0.073661	0.779016	0.073661	


Motif	P078198_1.95d
#	GGAGAAG 10 82.5896851453301
Pos	A	C	G	U
1	0.048893	0.048893	0.853322	0.048893	
2	0.388137	0.011822	0.58822	0.011822	
3	0.964949	0.011684	0.011684	0.011684	
4	0.011822	0.094316	0.88204	0.011822	
5	0.794473	0.098119	0.095445	0.011963	
6	0.599247	0.011822	0.011822	0.37711	
7	0.051531	0.051531	0.845408	0.051531	


Motif	P078200_1.95d
#	NAAAAAGA 10 98.56919321603687
Pos	A	C	G	U
1	0.43831	0.125817	0.310056	0.125817	
2	0.598535	0.072706	0.256052	0.072706	
3	0.970463	0.009846	0.009846	0.009846	
4	0.970463	0.009846	0.009846	0.009846	
5	0.970463	0.009846	0.009846	0.009846	
6	0.970463	0.009846	0.009846	0.009846	
7	0.050216	0.050216	0.849351	0.050216	
8	0.625759	0.124747	0.124747	0.124747	


